1000
48 36
160 100
256 256
128 64
11 847
512 512
16 16
96 144
1000 1000
512 512
1000 1000
98 7
5 25
500 250
4 4
40 50
98 28
81 81
81 81
224 196
256 256
512 512
405 225
72 24
392 112
800 640
648 576
81 81
625 625
512 512
432 216
6 9
81 81
75 45
360 600
128 64
256 256
512 512
256 256
9 3
16 16
512 512
128 32
1 1
50 5
879 103
125 125
800 640
256 256
36 12
256 256
27 27
192 72
224 196
8 64
81 81
8 8
964 548
50 20
144 96
392 448
96 36
729 729
993 745
392 112
81 81
597 953
125 125
32 128
6 9
8 8
64 64
125 125
200 320
72 6
256 256
384 288
81 81
490 700
125 125
810 900
600 980
16 16
128 32
98 28
1 1
125 125
200 80
512 512
512 512
196 28
10 100
277 936
196 112
36 12
100 20
625 625
32 128
16 16
324 144
288 96
9 81
224 196
392 112
416 996
8 16
343 343
48 36
36 6
180 150
16 16
360 150
27 27
975 798
32 32
1 1
64 64
81 243
722 44
343 343
340 481
128 32
90 300
8 8
243 81
297 262
1 1
833 765
729 729
8 16
256 256
147 63
900 810
96 899
405 225
490 175
247 872
64 64
256 128
8 8
224 196
8 8
256 256
38 47
8 8
1 1
192 72
18 12
192 72
16 16
64 64
722 365
98 7
112 196
512 512
343 343
5 25
125 125
108 108
64 64
12 36
125 125
300 180
1000 1000
64 64
743 105
50 20
1000 1000
640 800
252 294
1 1
600 360
49 7
568 80
30 753
256 256
90 75
6 9
256 256
23 688
36 48
64 8
625 625
150 180
252 294
1 1
1 1
192 144
125 125
16 16
648 576
256 256
72 192
100 20
943 663
256 256
48 36
640 800
32 128
8 16
512 512
216 216
686 343
64 64
64 64
1 1
1 1
350 245
1000 1000
125 125
24 72
925 718
24 18
567 441
81 81
75 45
8 8
50 20
7 49
27 27
81 81
6 9
216 216
16 16
81 81
256 256
756 990
32 128
81 81
749 613
360 600
8 8
50 20
98 7
245 175
2 1
490 175
143 428
324 144
4 2
81 81
45 75
216 216
16 16
90 300
1 1
526 383
448 392
256 256
16 16
224 196
250 125
32 4
625 625
441 567
32 128
16 32
343 343
126 147
40 50
125 169
900 810
486 324
256 256
96 36
256 256
16 16
49 7
288 96
45 75
50 5
441 567
126 147
256 256
216 216
2 4
4 4
177 893
360 150
81 81
27 27
16 32
27 27
16 16
256 256
16 16
147 63
32 16
256 256
200 320
64 64
8 8
1 1
27 27
160 100
256 256
32 4
36 162
8 8
8 8
47 16
54 108
36 6
150 45
1 1
343 343
128 64
16 16
384 288
2 1
343 343
1 1
192 72
405 225
200 40
10 25
162 36
18 12
7 49
639 17
405 225
1 1
81 81
6 36
625 625
72 6
160 100
256 256
250 500
200 40
216 216
343 343
625 625
300 180
216 216
1 1
625 625
28 98
1 1
1000 1000
144 24
200 80
126 147
729 729
256 256
128 64
1000 1000
252 294
16 16
512 512
28 98
16 16
27 27
216 216
16 16
96 144
324 486
16 16
162 36
350 245
64 64
1000 1000
56 98
1 1
729 729
125 125
729 729
1 1
216 54
729 729
1 1
126 147
448 392
1 1
490 175
100 80
256 256
944 956
343 343
441 567
294 63
81 81
625 625
125 125
256 256
343 343
742 517
81 81
512 512
625 625
800 640
50 20
512 512
125 125
1 1
10 25
256 256
909 954
216 216
512 512
625 625
54 27
72 6
785 870
392 112
55 3
224 196
16 16
12 36
216 216
625 625
100 20
1 1
90 300
1000 1000
625 625
40 200
504 319
225 405
16 32
432 216
40 50
81 81
598 881
588 252
432 216
360 600
72 48
36 12
216 216
1 1
16 16
40 200
336 544
343 343
1 1
625 625
625 625
81 81
16 16
600 360
256 256
216 216
216 216
625 625
786 770
63 147
1000 1000
256 256
45 75
160 100
14 49
343 343
200 40
81 81
512 512
16 8
531 794
7 49
81 81
379 479
256 256
686 343
128 32
729 729
10 100
216 216
512 512
40 200
216 216
708 547
160 100
100 20
729 729
8 8
910 21
1 1
256 256
6 9
8 8
150 180
625 625
858 232
8 8
16 16
392 448
640 800
112 196
216 216
1 1
12 36
700 490
256 256
48 72
256 256
1 1
7 49
8 16
256 128
80 100
4 4
108 108
9 81
700 490
400 160
413 280
512 512
147 63
512 512
256 128
12 18
108 108
8 8
243 81
8 8
81 81
350 245
1 1
1000 1000
648 637
16 8
196 28
490 700
16 16
448 392
81 81
1000 1000
36 162
32 32
4 16
36 12
32 16
525 992
11 110
25 5
1 1
16 16
432 216
224 196
216 216
8 8
2 4
989 18
8 8
625 625
600 360
64 16
1 1
192 144
81 81
625 625
384 288
625 625
608 578
150 45
45 75
729 729
209 331
16 16
10 25
27 27
625 625
625 625
256 256
625 625
160 100
512 512
243 81
8 8
100 10
8 8
128 64
81 81
8 8
600 360
144 24
387 974
81 81
350 245
256 256
440 210
49 7
625 625
1 1
98 7
150 45
256 256
343 343
16 16
192 144
1000 1000
16 16
200 320
100 20
343 343
50 5
16 16
670 348
787 412
81 81
196 28
200 80
64 64
128 256
367 827
615 660
593 476
729 729
16 16
1 1
36 6
32 16
128 32
883 584
72 6
125 125
2 4
81 81
343 343
4 4
27 27
1 1
1 1
512 512
64 64
1000 1000
5 25
144 24
1 1
98 7
32 32
499 582
16 32
700 490
100 10
128 64
27 27
184 496
8 8
48 72
512 512
150 180
175 245
36 12
100 10
125 125
81 81
49 7
18 720
16 16
63 147
625 625
981 790
343 343
128 256
256 256
729 729
788 447
1 1
432 216
970 446
48 72
16 4
4 4
125 125
490 700
1 1
32 128
126 147
16 8
1 1
625 625
173 389
269 375
98 28
64 64
384 288
515 355
150 45
625 625
81 81
6 36
36 12
16 16
625 625
288 96
563 858
486 324
800 640
6 9
343 343
7 49
384 288
32 4
162 36
3 9
32 32
8 16
800 640
196 28
294 63
32 128
128 256
196 28
625 625
224 196
125 125
490 175
37 932
192 72
500 250
72 192
36 12
64 464
27 27
1 1
256 256
343 343
32 32
625 625
831 7
75 957
504 294
954 374
625 625
500 250
441 567
7 49
16 16
180 150
250 125
9 81
8 64
64 64
8 16
200 80
125 125
27 27
256 256
72 6
175 245
128 32
942 934
100 20
821 258
81 81
625 625
401 945
16 16
256 256
288 384
16 16
32 32
512 512
490 700
500 250
16 16
344 266
729 729
343 343
288 384
24 72
625 625
16 16
307 811
203 442
625 625
392 448
216 216
27 27
81 81
422 46
350 245
256 256
81 81
8 8
512 512
729 729
81 243
418 146
625 625
36 6
18 12
144 24
90 300
54 27
631 786
12 18
50 5
64 64
56 98
16 32
16 16
424 89
1000 1000
200 80
150 45
512 512
432 216
1000 1000
441 567
441 567
8 8
250 125
104 336
14 49
144 24
580 294
360 150
625 625
432 216
931 420
25 5
32 4
16 16
32 4
760 747
512 512
216 216
729 729
81 81
147 63
256 256
490 175
128 32
12 18
600 360
72 24
591 77
54 27
400 160
350 245
200 80
729 729
360 600
350 245
550 541
433 410
1000 1000
139 254
300 180
100 80
640 480
1 1
16 16
343 343
343 343
726 598
8 8
294 63
125 125
294 63
256 256
200 80
27 27
16 16
144 324
72 192
64 64
343 343
16 32
686 343
8 8
216 216
392 448
298 594
125 125
16 16
1000 1000
1 1
16 16
2 4
16 32
512 512
900 810
256 256
1 1
300 90
935 278
686 343
250 125
1000 1000
10 100
135 543
405 225
1 1
729 729
4 4
252 294
8 8
216 216
1 1
588 252
1 1
250 500
343 343
1 1
1 1
294 63
490 700
81 81
81 81
6 9
324 486
16 16
24 72
215 776
794 998
216 216
1000 1000
27 27
8 8
150 180
54 27
512 512
8 8
16 16
512 512
867 733
256 256
285 256
1000 1000
224 196
441 567
625 625
729 729
27 27
1 1
16 16
1000 1000
64 64
16 16
40 200
27 27
27 27
576 648
28 98
16 16
1000 1000
8 8
81 81
20 50
243 81
1 1
100 10
144 324
873 406
256 256
360 150
256 256
64 64
180 150
1 1
79 719
343 343
45 75
729 729
1 1
343 343
27 27
1 1
90 300
625 625
128 64
196 28
567 441
36 12
16 16
72 192
90 75
16 16
1000 1000
729 729
1 1
625 625
256 256
550 795
216 216
8 8
288 384
32 4
810 900
1 1
160 400
441 567
20 50
343 343
192 72
686 343
243 81
392 112
338 405
300 180
112 196
11 868
343 343
128 32
256 256
216 216
1 1