1000
65072309 61890289
743043617 801948547
886348096 779495589
813405763 779048603
999999937 999999937
837390289 927471791
288721627 203232047
8708773 58564501
998244353 998244353
48938143 75182573
999999937 998244353
998244353 998244353
236374261 193462141
177829321 49891579
998244353 999999937
732979937 796499293
383330412 197588634
735024467 790088729
82484588 10052222
83167 5341
860451877 923434361
998244353 998244353
834560647 868697681
120281753 17586553
127653413 25709011
315581486 739143270
7267165 48330175
998244353 998244353
169468240 81613600
999999937 999999937
999999937 999999937
696473090 96419071
852507899 883442017
25027229 49517393
833343437 930735283
999999937 998244353
794503091 916872763
998244353 998244353
746824259 826871557
998244353 998244353
11206133 55859579
13502912 9472192
999999937 999999937
998244353 999999937
816690487 859346791
52355309 71619577
24187500 37442250
875335093 931386433
295936000 544000000
12423403 57469411
998244353 998244353
762966263 851300609
26277829 5833571
585965755 130043283
22326372 71537904
125884044 25088778
836959951 902532439
735024467 790088729
804866633 834644071
999999937 998244353
852507899 883442017
277495385 256955765
999999937 999999937
784408693 881685983
91202207 20609971
999999937 999999937
149609375 91680625
998244353 999999937
13582381 4193993
836704457 850991833
632602916 394345371
836959951 902532439
999999937 999999937
32208976 71414164
760805623 829423943
845689499 945946871
12008475 35874375
998244353 998244353
860451877 923434361
998244353 999999937
999999937 999999937
16331985 7629245
658699264 711519488
56926087 178137527
181374703 94686367
830052841 923399467
998244353 999999937
2320853 7640561
33920 2247200
3287993 27790297
60996823 116798333
61391448 404981075
50160128 82051072
779127677 899950213
831660089 418460777
316548 17181522
33468353 20575531
999999937 999999937
8118528 540144
9990000 3696300
139097568 515714005
252634960 99647200
246517 12369353
760805623 829423943
253717793 504636462
140381373 350770167
1536674 3349604
7184347 73215761
999999937 999999937
999999937 998244353
998244353 998244353
998244353 998244353
801717611 921026207
804866633 834644071
999999937 999999937
998244353 998244353
999999937 999999937
7892587 13374863
10571748 4930992
77495498 11862548
96100000 310000000
2900269 14711003
5858523 6189513
191777071 47937056
999999937 998244353
999999937 999999937
608426480 284962461
810832817 869575919
63147967 187620133
571856824 956092301
71057250 41629500
785935187 816992999
837390289 927471791
998244353 998244353
998244353 998244353
998244353 999999937
71175488 462770284
999999937 999999937
998244353 998244353
52496693 95246443
257361431 168180253
998244353 998244353
728365163 786501493
407498500 953251519
26996736 1265472
142805 9282325
999999937 998244353
137882994 230954911
265060107 241072767
998244353 999999937
833343437 930735283
383285813 420740579
860451877 923434361
195741850 989277105
396605054 187577788
7463680 39650800
301513072 340372676
250575130 68410820
999999937 999999937
836959951 902532439
129682097 285700661
894650411 972944257
779127677 899950213
1030580 90800
999999937 999999937
36805175 83648125
999999937 999999937
777349933 877709947
170164726 418933206
760805623 829423943
998244353 998244353
13449681 97209483
998244353 998244353
998244353 998244353
879217 5192357
3413800 42436160
999999937 999999937
998244353 999999937
416590373 988972356
92393039 86007343
998244353 999999937
728365163 786501493
65440673 9717209
795501583 848125723
998244353 998244353
859802051 887213381
766434287 853233187
998244353 999999937
368538471 313660664
133277531 125603201
477108144 566323488
999999937 999999937
116801819 182832301
999999937 999999937
783146449 896929361
998244353 999999937
1296149 21130243
619191855 622102275
505473291 131263077
403107840 251942400
224287 8771
1658944 3534272
39182988 71459622
998244353 998244353
200954987 91631249
5543093 5357291
93893777 243102619
998244353 998244353
323040960 210058200
267501503 269165587
773393927 857098343
542225 193315
838550507 843897269
998244353 998244353
7635150 67993020
27612161 4411997
999999937 999999937
3696300 79920
326723984 121413088
785935187 816992999
999999937 998244353
336524013 829122920
762206839 861285037
998244353 998244353
852162049 935616439
998244353 998244353
836959951 902532439
109334909 103497727
30968929 81992627
999999937 999999937
16334693 22811003
999999937 999999937
998244353 998244353
999999937 999999937
998244353 998244353
999999937 998244353
848369303 897682481
999999937 999999937
339793403 186029917
365539 10982063
59434013 43511737
998244353 999999937
998244353 998244353
999999937 998244353
999999937 998244353
48266819 10416727
998244353 998244353
37873 1077659
231382648 446807872
89252549 72482759
715143168 792948096
783742451 910642597
40976696 151411648
31460000 47590400
999999937 999999937
793849921 903037847
73933207 128588701
19976448 1923408
3825936 422496
834560647 868697681
998244353 998244353
998244353 998244353
893450329 958014221
998244353 999999937
998244353 999999937
998244353 999999937
484722288 662043012
999999937 998244353
724830619 889401538
316564871 566377419
998244353 999999937
999999937 999999937
728365163 786501493
998244353 999999937
999999937 999999937
999999937 999999937
6585600 1975680
17358427 2284901
998244353 998244353
999999937 999999937
833343437 930735283
5255091 834921
793849921 903037847
4886279 23173541
833343437 930735283
999999937 999999937
998244353 999999937
805199 9407081
38363328 6951744
998244353 998244353
170862291 301893939
999999937 999999937
20119275 90109965
998244353 998244353
89518284 69809526
1455731 20411207
766434287 853233187
390390000 554954400
99438600 66417480
745070243 795469583
36403231 11195291
999999937 999999937
269635907 390523459
14815589 3906983
999999937 999999937
998244353 999999937
836704457 850991833
998244353 998244353
49498011 455117643
1551311 30268603
20609971 91202207
796996997 910211903
785935187 816992999
999999937 998244353
174233448 42486456
999999937 999999937
879438779 964637369
998244353 998244353
5290387 1261409
998244353 998244353
855273631 912353249
18836631 24727923
106434800 116384140
999999937 999999937
998244353 998244353
998244353 999999937
998244353 998244353
785935187 816992999
637483993 915009969
93667699 149049629
221136750 305437500
856260127 879918749
24776489 14905053
750547687 823813409
348342919 295833623
998244353 999999937
48992306 911797314
998244353 998244353
283585493 281003531
118364359 223908397
998244353 998244353
189635417 56736091
6111232 17808512
998244353 998244353
854714186 873237917
999999937 999999937
17720208 40452192
999999937 999999937
998244353 999999937
50123903 179489329
175404311 72637471
450025721 445344049
760805623 829423943
999999937 999999937
188321143 205226093
584552943 513576297
745070243 795469583
999999937 998244353
999999937 998244353
779127677 899950213
571595193 533892801
563893218 34230791
19036153 4168187
825229017 309962948
16414033 22434901
793849921 903037847
753959263 825683587
885870721 953941897
998244353 998244353
122895719 528727451
447714469 359585983
960606803 120212846
182678260 84734800
569915484 342993942
998244353 999999937
870427823 909277949
998244353 998244353
999999937 999999937
3699072 3604224
376110596 314734846
49550160 119354400
4403367 962844855
998244353 998244353
999999937 999999937
999999937 998244353
57610550 129281980
102033353 16197647
999999937 999999937
158098693 261883393
825136097 877212151
227500453 119310013
998244353 999999937
998244353 998244353
73920600 92116440
999999937 999999937
760197787 656512371
496251008 670909184
2233163 13933679
2618725 1841555
998244353 998244353
5204429 2315627
84011971 28092751
838550507 843897269
7223337 53773731
52906387 93053999
441130212 317987856
168237119 47924519
999999937 999999937
241931603 145028011
3728953 5177611
827431237 905542199
42659611 39332399
138792690 177491700
29984768 991232
834560647 868697681
998244353 999999937
348329738 537964603
764036907 484251771
763952699 836299967
998244353 999999937
49292227 83973403
433536571 295417176
998244353 999999937
431179815 542405651
999999937 999999937
999999937 999999937
998244353 998244353
508172415 624551582
29496474 23561748
999999937 998244353
999999937 998244353
756053807 847435453
20070400 560000
732979937 796499293
732979937 796499293
856260127 879918749
998244353 998244353
998244353 998244353
706828969 573246126
848369303 897682481
139528746 280415436
372642732 362890374
870808369 945797249
893450329 958014221
998244353 999999937
428422496 983432687
855540293 943049311
76942446 146706588
1521889 10204141
786706201 898965523
998244353 998244353
1861411 112993
798792179 855156787
783742451 910642597
341513280 345929400
101825104 38460256
10080 1587600
820181053 901566163
999999937 998244353
998244353 998244353
999999937 999999937
999999937 999999937
999999937 999999937
112584827 107081699
35372069 58868317
24753428 45450622
874260533 953311001
26004431 53459753
53416313 48472901
998244353 998244353
1949587 6647387
54703264 14134736
880321604 929491343
389383 6216701
762966263 851300609
424080319 272170951
322178357 790567585
998244353 998244353
761756153 842849107
999999937 999999937
999999937 999999937
193590065 743634661
836704457 850991833
842027317 913494271
130363873 327482437
72715968 6448104
8560000 9159200
999999937 999999937
55107431 4441121
123241689 274625181
827431237 905542199
902305139 977097701
999999937 999999937
19335109 2094923
1442477 20041223
998244353 998244353
998244353 999999937
999999937 999999937
563790133 494541287
999999937 999999937
23194788 11341098
1948 474338
998244353 999999937
998244353 999999937
894650411 972944257
11983847 70110223
998244353 998244353
783984497 823745563
5859857 9973399
879438779 964637369
827431237 905542199
756053807 847435453
777146040 868368600
26011 13357
143629823 51115891
577876208 510634852
3160097 25670377
107096175 25619085
999999937 998244353
998244353 999999937
998244353 999999937
998244353 999999937
235531648 101353472
484556745 894918034
825136097 877212151
156333791 68575189
998244353 998244353
763791285 727616025
705954687 722768244
749790857 805581383
53703804 153237546
998244353 999999937
105472 339488
6238080 11080800
406910065 870931061
999999937 999999937
998244353 998244353
999999937 998244353
52148600 3026240
391673 2225849
999999937 999999937
432035775 298635255
808663967 876424123
264765709 106088671
362700103 284811077
999999937 998244353
999999937 999999937
998244353 998244353
857775713 894393673
999999937 999999937
89312177 62678327
838279331 941793427
96961429 167340743
802533607 851866079
48554059 41961863
55447 4361
984506508 597705632
793849921 903037847
808663967 876424123
12616613 59270851
540000 18662400
783146449 896929361
495597170 271630300
763952699 836299967
999999937 999999937
24907679 27372043
998244353 998244353
999999937 999999937
250140312 130341312
608008535 577849998
999999937 999999937
998244353 998244353
986390782 333238297
39019086 52618572
860607659 954253759
250302083 225003557
259462656 121208832
154962860 199193150
168948962 80770508
339441629 433408363
14811631 2702353
364904389 324632303
395334390 560584922
998244353 998244353
125624711 29586091
998244353 999999937
810832817 869575919
998244353 998244353
128110393 221338183
832515150 771262740
3920816 37936544
31612348 47019088
998244353 999999937
2360307 7983
999999937 999999937
785935187 816992999
13377101 16136503
67911905 104849825
889382597 961520353
998244353 998244353
998244353 999999937
999999937 999999937
794503091 916872763
999999937 999999937
4275378 55641876
999999937 998244353
555097408 931460131
999999937 999999937
738365483 791882347
998244353 999999937
40786283 4829189
825136097 877212151
999999937 999999937
999999937 999999937
89181689 153258613
998244353 999999937
808663967 876424123
314240472 348199488
870067279 920209897
283515060 443305350
998244353 998244353
863043527 905412793
776051161 892857037
998244353 998244353
293897083 219320197
609439987 31358092
998244353 998244353
310693561 259703519
494401113 240303145
998244353 998244353
999999937 999999937
789824957 906107227
743043617 801948547
668439705 97164515
999999937 999999937
998244353 999999937
998244353 998244353
78065856 20630016
58506844 717590411
804866633 834644071
999999937 999999937
433699200 268620000
118039445 943335879
119935 2927825
816690487 859346791
998244353 998244353
35963200 9198280
999999937 999999937
833343437 930735283
836704457 850991833
753959263 825683587
285912 1489752
95939075 56859305
998244353 998244353
790908059 914796041
998244353 998244353
3874007 49899523
608012849 698200169
3416129 38801107
5819207 266087
772671799 867177523
4241794 6997412
3861676 1705886
822451711 894675791
751439033 837121933
262446881 130088009
125461333 51638617
999999937 999999937
86227 611087
510021777 426906554
12757915 12867425
198851293 763487696
134342793 311383683
998244353 999999937
998244353 998244353
749790857 805581383
51333282 213777564
735024467 790088729
999999937 999999937
998244353 998244353
998244353 998244353
999999937 999999937
542646972 461344464
998244353 999999937
1370333 2663681
768673313 846667223
148516283 173318207
305379317 393194371
918539276 403342968
185517329 184867531
877511671 924138221
998244353 999999937
999999937 999999937
798792179 855156787
747203500 331587109
193556003 129720589
209639745 420614775
3699200 26726720
820181053 901566163
836959951 902532439
48410969 28705462
74752560 249175200
33769039 25924673
998244353 998244353
12876580 50123600
63649280 81291200
998244353 999999937
603587129 653717700
761756153 842849107
786251093 904054889
13603589 3743767
291256650 242094180
391040129 268397869
343781359 666414087
779127677 899950213
795971 32549
323165431 500824673
15755417 57318787
11595030 313867680
852162049 935616439
397950746 243682077
98348933 55972373
54808884 194582544
49960850 333744271
392414611 270287989
535232910 338446462
828473473 50516826
5246008 67914536
1396800 9032640
773832517 875721929
72468640 17228800
60402312 82242696
999999937 999999937
842027317 913494271
998244353 998244353
57009647 152917573
999999937 998244353
761756153 842849107
999999937 999999937
879438779 964637369
801717611 921026207
724846318 681371348
779127677 899950213
255552 95832
179830784 240945152
999999937 999999937
836704457 850991833
796996997 910211903
999999937 999999937
798792179 855156787
766434287 853233187
999999937 999999937
998244353 998244353
270454099 253269421
998244353 998244353
777349933 877709947
833343437 930735283
998244353 998244353
728365163 786501493
998244353 998244353
199298963 48282673
2532222 25643772
998244353 998244353
751439033 837121933
840550225 518113258
999999937 999999937
999999937 999999937
753652331 830642921
827431237 905542199
837390289 927471791
15967969 58875763
73550997 125099559
776051161 892857037
225027416 528982102
885870721 953941897
756053807 847435453
7585539 450203149
874260533 953311001
556012800 521592960
11914363 18567053
244196550 98834580
998244353 998244353
57434137 4726823
808663967 876424123
457713691 429797227
999999937 998244353
157206793 77567627
49846867 14692657
30918661 48032311
268107211 182517733
7936128 13768704
998244353 999999937
998244353 998244353
833343437 930735283
738365483 791882347
803728073 865757803
783146449 896929361
998244353 999999937
786706201 898965523
850799835 671143790
762966263 851300609
803728073 865757803
14808697 10317973
998244353 998244353
3328380 744150
999999937 998244353
336148387 481068113
57833921 52404584
511769490 547539054
7902289 23252059
862602133 686364939
675505483 709946087
998244353 998244353
820181053 901566163
11483172 96417264
785935187 816992999
738365483 791882347
998244353 998244353
1207397 18335587
998244353 998244353
998244353 998244353
56460672 7740576
18332191 739009
999999937 998244353
999999937 999999937
998244353 998244353
999999937 998244353
747 558009
341526536 522601946
43271352 171136248
199496700 300027390
999999937 999999937
795501583 848125723
4682641 17899067
433221625 804334334
10731871 14614759
894650411 972944257
55166759 333062335
255162604 96194558
801717611 921026207
834560647 868697681
776051161 892857037
384902712 774643769
6426056 54798016
998244353 998244353
998244353 999999937
999999937 999999937
762206839 861285037
10338120 4765800
317347425 299996055
779688079 871105847
275876820 272080350
998244353 999999937
58638964 342430113
339944027 262217009
779127677 899950213
845689499 945946871
848996023 876178393
998244353 998244353
832050 69660
164907557 857528579
784408693 881685983
83242145 766739613
38421623 157146259
5607089 1988171
998244353 998244353
169787500 46941250
998244353 998244353
608082257 170117776
998244353 998244353
786706201 898965523
37591339 36922057
998244353 998244353
187690849 152968925
41111 4927447
999999937 998244353
782432784 614041344
772671799 867177523
999999937 999999937
998244353 998244353
5273645 56407975
830203463 888019591
762206839 861285037
998244353 998244353
28931113 33275717
998244353 998244353
231849473 233362357
999999937 999999937
999999937 999999937
15630331 327427
399540256 253617152
115149855 143024607
12661073 249407
213772480 97795400
68585819 19833379
893450329 958014221
998244353 998244353
5555200 7534240
761756153 842849107
388107233 284484041
289770711 750556984
184089151 423276911
82130208 73045008
827266879 401362601
55492547 697244597
100385143 70442347
999999937 999999937
50042659 21681727
998244353 999999937
998244353 998244353
719483832 921515888
998244353 999999937
16774160 2146300
998244353 999999937
295131156 16833304
998244353 998244353
998244353 998244353
361593919 301407877
999999937 999999937
824896153 48143283
998244353 999999937
221593600 187315840
13016981 3662159
999999937 999999937
998244353 998244353
998244353 999999937
998244353 999999937
998244353 998244353
3538657 1797119
393057552 315742932
383899058 778584471
27877189 66438587
347183072 587064743
998244353 998244353
35768352 66465072
743747743 820073053
998244353 998244353
999999937 998244353
998244353 998244353
998244353 999999937
55957721 172128503
777349933 877709947
76114463 98420501
779760609 569024877
870427823 909277949
799799267 824167471
62340209 107164891
998244353 998244353
2849891 61589
998244353 998244353
21181824 44521056
998244353 998244353
999999937 999999937
998244353 998244353
430346710 925673278
232809667 72640723
894650411 972944257
860451877 923434361
998244353 998244353
217041924 195756462
222687683 139140541
663862016 107380220
999999937 999999937
798792179 855156787
6092800 9063040
999999937 999999937
808663967 876424123
999999937 999999937
95911875 119833425
12224768 15684608
6562500 22050000
998244353 998244353
999999937 998244353
298024272 174781152
739681433 800132129
998244353 999999937
838279331 941793427
490617404 649973171
5555676 18785718
9553421 35494097
894650411 972944257
998244353 998244353
42141162 248286361
47303860 43118800
998244353 999999937
626801095 599239978
289972224 439992576
999999937 998244353
999999937 999999937
998244353 998244353
786251093 904054889
799799267 824167471
998244353 998244353
998244353 999999937
799799267 824167471
998244353 998244353
998244353 998244353
999999937 999999937
304688727 561038862
863043527 905412793
