1000
860451877 923434361
102966 4716
998244353 998244353
999999937 999999937
810724 3368698
822451711 894675791
999999937 998244353
830203463 888019591
645565824 450961643
999999937 999999937
999999937 999999937
388621604 538241973
999999937 998244353
998244353 998244353
998244353 998244353
999999937 999999937
173242476 143202114
988973243 381741550
875335093 931386433
184442664 119411208
999999937 998244353
212110290 907242904
999999937 998244353
309560533 126746519
998244353 998244353
547957248 492386112
798792179 855156787
16732883 3093161
738365483 791882347
32460979 87743869
216828713 369427847
602432762 291581352
822451711 894675791
804866633 834644071
999999937 999999937
999999937 999999937
998244353 998244353
148029191 44954227
803028367 368486260
830052841 923399467
367233845 676760680
665684988 264727782
870427823 909277949
422608845 399366333
506575316 591562192
489028733 290703313
998244353 998244353
199844273 672294329
817299827 833135561
999999937 998244353
207170150 193815380
352372485 494214975
783984497 823745563
65712000 166500000
786251093 904054889
16501307 37876057
999999937 998244353
125208222 37012284
999999937 998244353
570103 1080643
411157808 490110357
42418837 162256807
753652331 830642921
749790857 805581383
815812343 880289279
27881 2266327
669222 22753548
5361019 58292599
999999937 999999937
30383083 635989714
795501583 848125723
999999937 999999937
998244353 998244353
541393408 442055168
15630689 90972859
998244353 998244353
630092210 840227958
12268800 10888560
896992253 965625029
4193923 45213937
58822289 61586783
91360000 130416400
998244353 999999937
38444120 63177400
757078019 832528603
998244353 998244353
998244353 999999937
785935187 816992999
177016808 458413598
999999937 999999937
5127817 6071587
907311454 374541067
999999937 999999937
998244353 999999937
999999937 999999937
166640869 84164491
836704457 850991833
801717611 921026207
879438779 964637369
24215797 1107521
879438779 964637369
7048891 48225581
799799267 824167471
998244353 998244353
999999937 999999937
833343437 930735283
999999937 999999937
80602744 8182136
1698173 502811
585362 2164
269176233 56436834
288467343 720074921
245377157 261388717
229559022 158339412
998244353 999999937
57444749 75019913
999999937 999999937
762966263 851300609
999999937 999999937
998244353 998244353
998244353 998244353
614707020 778159650
2758104 195264
794503091 916872763
116392301 82772587
896992253 965625029
5724647 770941
11071933 26320703
42279509 6600047
999999937 999999937
999999937 999999937
669606912 695182176
863043527 905412793
805853291 858928151
999999937 998244353
999999937 998244353
179788939 80746457
746824259 826871557
748574100 850965270
998244353 999999937
85211201 241386071
10349009 2701061
773393927 857098343
998244353 999999937
243236592 110099712
999999937 999999937
1953433 7739551
446740083 87713777
37166617 5824171
773832517 875721929
952420469 387408187
998244353 998244353
999999937 998244353
998244353 999999937
564428814 397348164
25681071 5926401
743043617 801948547
605572714 658024603
5762083 12912113
559633408 372298496
998244353 999999937
998244353 998244353
2360307 7983
753652331 830642921
843191057 886757441
386561689 419274949
999999937 999999937
999999937 999999937
4337549 20614537
999999937 999999937
85898599 41347283
952741857 683342364
15836576 17264464
151015374 328485996
3778261 36695713
411837267 71532567
16051001 18871679
999999937 999999937
398706065 51361254
193606631 382593581
48175913 11130017
188153784 155203776
618695701 632507494
442646233 367325419
4400593 5624599
984815371 908341734
88486656 78379344
113058371 15942569
999999937 999999937
999999937 999999937
999999937 998244353
7608611 4135801
857775713 894393673
820181053 901566163
999999937 999999937
164220083 129326777
999999937 999999937
218462208 48889728
125753600 90048560
859802051 887213381
999999937 999999937
833343437 930735283
102875239 28473119
998244353 999999937
335078629 230339947
784408693 881685983
999999937 999999937
74709222 79231572
7854975 25077735
99341 7414451
977635196 978280688
794503091 916872763
343259380 435042800
801717611 921026207
530668659 500512443
62430799 14661043
998244353 998244353
998244353 999999937
2918739 23802111
999999937 999999937
998244353 998244353
9867585 126421861
859802051 887213381
628655993 24784562
14386373 1463489
9336619 253061
859802051 887213381
910491058 187302467
256660426 612210733
860451877 923434361
761756153 842849107
838012811 875899289
663678529 549374369
999999937 998244353
82199179 14857849
836704457 850991833
433311447 21035872
998244353 998244353
591133957 631454909
451316561 601539577
625381613 416887170
30419200 5269040
772 74498
58295051 65484253
827431237 905542199
131390423 24737543
5548427 23771701
172226250 96446700
56708092 62975024
663825015 800434588
44786029 7615721
1724 371522
999999937 998244353
14453705 851473709
999999937 999999937
317334317 400816879
739681433 800132129
7135727 294653
1624425 15860295
776051161 892857037
860451877 923434361
999999937 998244353
156803132 253033127
998244353 998244353
769175551 865213361
570375 43875
999999937 999999937
63201209 63837997
422043252 219034683
392993856 333080064
999999937 999999937
998244353 998244353
859802051 887213381
875335093 931386433
867741136 282274561
998244353 998244353
53739853 182629859
359150387 450709211
999999937 999999937
150793327 86335649
998244353 998244353
577561 11197231
757358343 999047882
554847683 355569938
739681433 800132129
786251093 904054889
786251093 904054889
999999937 999999937
787043385 740548213
539205524 610317136
998244353 998244353
998244353 998244353
790908059 914796041
882824557 935362469
998244353 999999937
999999937 999999937
999999937 998244353
128167490 284039362
999999937 998244353
406361176 504855104
822451711 894675791
2042143 28012037
999999937 998244353
70122915 97868025
779048603 813405763
999999937 999999937
753959263 825683587
317561600 516858880
834560647 868697681
732979937 796499293
905255139 323149390
251373151 441705403
159508691 108321137
11040457 20555989
4265279 14048029
837390289 927471791
15873956 8139194
998244353 998244353
998244353 998244353
140476381 201420581
998244353 999999937
999999937 999999937
57433043 25919087
815812343 880289279
772671799 867177523
998244353 998244353
753959263 825683587
510547424 686841424
977849122 308432758
999999937 999999937
692115189 91524687
803728073 865757803
998244353 999999937
998244353 998244353
753959263 825683587
760537678 994295390
999999937 998244353
848996023 876178393
749790857 805581383
16309151 22149109
998244353 999999937
80791537 24100103
628847509 37788691
263480981 124537183
23218571 7224781
394243200 189540000
998244353 999999937
732979937 796499293
71727571 571910057
72242353 52582447
998244353 998244353
998244353 998244353
428343631 21182895
63024302 100173524
910359983 856431915
88257888 59417712
4632679 59963831
809821913 305295248
739681433 800132129
385786403 467123507
25356204 43188006
75549375 274450275
431242427 390382069
885870721 953941897
17148207 24486741
998244353 999999937
762966263 851300609
999999937 999999937
184218304 185191288
766821613 871745893
113501363 142319081
998244353 998244353
998244353 998244353
310162789 119308025
798792179 855156787
21737403 1314639
875335093 931386433
772671799 867177523
225551023 294390653
999999937 999999937
999999937 998244353
6857951 38391707
41531339 2920559
796669 21304471
786706201 898965523
999999937 999999937
833343437 930735283
902305139 977097701
999999937 999999937
292222012 335087386
8270496 3050112
760805623 829423943
706596573 695749918
998244353 999999937
830052841 923399467
11755981 1633519
998244353 998244353
850647328 902935917
815245159 890747467
2581471 44761733
148889 10090093
408040424 229920328
998244353 998244353
783146449 896929361
840709973 934839959
478141698 355697532
882824557 935362469
999999937 999999937
998244353 998244353
9114 242172
998244353 998244353
2608891 2646977
120777948 118110162
55207549 25748531
707082671 731160401
999999937 999999937
999999937 998244353
843863393 854624669
239062357 71281241
998244353 998244353
998244353 999999937
999999937 999999937
674349691 823970669
28628600 35035000
3028 1146098
1567751 6867191
999999937 998244353
10058179 5197349
896992253 965625029
735024467 790088729
999999937 999999937
750547687 823813409
108041472 307725264
8635027 1611551
998244353 998244353
855273631 912353249
6432671 1517341
255726625 120803375
998244353 998244353
24051857 7864211
68755813 12718391
999999937 998244353
998244353 999999937
385344035 314112275
964708744 510471196
848369303 897682481
478224 1452384
675625959 86641007
766434287 853233187
73893137 124132097
153598733 34268347
10188671 17506501
998244353 998244353
980536 2471488
998244353 999999937
418147 354631
772671799 867177523
200391197 70997123
999999937 999999937
34794927 55746711
375416957 495382839
998244353 998244353
999999937 999999937
820068731 866470879
999999937 999999937
284107 11768011
998244353 998244353
999999937 999999937
761482398 453002343
998244353 998244353
141735643 250914839
834560647 868697681
168582797 279046043
169962269 100023181
5052633 27971793
697097693 80898355
28717957 1206089
8822352 21311136
998244353 998244353
11843750 71820500
855273631 912353249
738365483 791882347
786251093 904054889
313027902 16025574
789824957 906107227
38547841 51355267
805853291 858928151
68413 58867
149316288 191846952
896992253 965625029
998244353 998244353
239682403 406217969
998244353 998244353
999999937 998244353
19004895 17751825
855540293 943049311
999999937 998244353
49013333 35112241
296542080 181094400
860451877 923434361
793849921 903037847
88904897 11326103
58924391 4592351
999999937 999999937
998244353 999999937
105910272 19476288
999999937 999999937
874260533 953311001
132284021 590320811
838279331 941793427
870808369 945797249
999999937 998244353
990763744 834567950
998244353 998244353
370392266 430587788
43106250 89347500
187620133 63147967
31248757 1258111
784408693 881685983
998244353 999999937
127208771 122710229
4286386 998756965
61837776 163459296
750547687 823813409
133717319 103468877
999999937 999999937
443582496 267230208
57157936 72410756
834560647 868697681
999999937 999999937
773832517 875721929
998244353 998244353
781879723 733687349
998244353 999999937
874260533 953311001
15219857 4686223
633139200 453090240
1183 637
43597440 45100800
258281753 246305783
795501583 848125723
998244353 998244353
820181053 901566163
831436643 840310033
168948 154128
998244353 998244353
998244353 998244353
631658199 799432068
37777583 26215051
404664817 196526909
999999937 999999937
5297267 30745993
894650411 972944257
121159232 276152824
999999937 998244353
999999937 999999937
998244353 999999937
998244353 999999937
999999937 998244353
45550937 27806629
86468800 190231360
998244353 999999937
704575019 98307034
999999937 999999937
998244353 998244353
999999937 999999937
998244353 999999937
794503091 916872763
313503372 143244738
64265056 25096208
1015525 24053435
728365163 786501493
999999937 998244353
63030043 175281427
999999937 999999937
998244353 998244353
29027533 106920511
1911983 2984123
746824259 826871557
528710528 598205984
998244353 998244353
790914713 827378399
786251093 904054889
999999937 999999937
1322807 2482121
15917809 14926817
929909 1753879
35126087 156567031
118217664 101722176
212531 16819
186511104 143171184
830052841 923399467
252835631 306557873
68497437 598951454
999999937 999999937
779127677 899950213
783984497 823745563
72777223 12209653
999999937 998244353
999999937 999999937
768673313 846667223
398297088 329204736
998244353 998244353
843191057 886757441
121091 2984537
998244353 998244353
11881813 27266357
889382597 961520353
999999937 999999937
784408693 881685983
15806543 438541
779127677 899950213
223808014 935403611
108151 230917
998244353 998244353
861750687 10354104
128890775 43839249
38286047 125315123
24994752 32455872
998244353 998244353
262447 10042051
777349933 877709947
998244353 999999937
501297111 664929363
998244353 998244353
998244353 998244353
90541656 118078656
805853291 858928151
999999937 999999937
27359219 7842577
164146827 146260881
999999937 999999937
198351119 52037231
28157177 21862219
69650011 167659147
118763131 65627039
783146449 896929361
22117531 94478933
999999937 999999937
998244353 999999937
998244353 998244353
469949239 343612943
245377157 261388717
99022321 37229921
2331037 343619
772671799 867177523
2233696 25571968
49484471 18568829
998244353 998244353
859802051 887213381
822451711 894675791
834560647 868697681
743747743 820073053
374866162 165463628
879438779 964637369
998244353 999999937
999999937 999999937
311888511 550947441
815245159 890747467
11355257 4047773
56333277 149005109
836630807 691328290
889382597 961520353
999999937 999999937
50121592 447251748
64353366 12443508
998244353 998244353
998244353 999999937
292966000 211806500
1465237 272431
743747743 820073053
893450329 958014221
999999937 999999937
999999937 998244353
801717611 921026207
998244353 998244353
102081552 125728884
999999937 998244353
399706313 288703829
998244353 998244353
92869416 215609112
998244353 998244353
999999937 998244353
219929 9845057
345476827 303058117
999999937 999999937
852162049 935616439
796996997 910211903
2278016 200096
820181053 901566163
999999937 999999937
768673313 846667223
999999937 999999937
999999937 999999937
953372376 33684712
29387207 40632853
999999937 999999937
998244353 999999937
857775713 894393673
843101488 118297145
32233175 120599245
894650411 972944257
998244353 998244353
493674018 204894390
998244353 998244353
5633857 2267569
999999937 999999937
998244353 998244353
998244353 999999937
999999937 998244353
999999937 998244353
999999937 999999937
786251093 904054889
13169152 68944384
885870721 953941897
816690487 859346791
998244353 998244353
19807232 490912
96594661 84898439
795501583 848125723
185394203 243040769
153482158 182875795
82998455 945258404
19817796 12685914
347626207 441573769
999999937 999999937
190955475 135889245
219595769 340984601
361400964 512782542
998244353 999999937
749790857 805581383
94679821 33719563
19032384 419832
998244353 999999937
896992253 965625029
39373019 15027229
739681433 800132129
433798093 433798093
799799267 824167471
160003 112789
816690487 859346791
141087744 246903552
762206839 861285037
999999937 999999937
26392636 28858384
870427823 909277949
3236141 1825979
226467469 189364607
783742451 910642597
808901378 513237179
836704457 850991833
845689499 945946871
852162049 935616439
998244353 998244353
826530305 759903345
10944300 2148750
33313381 2749819
2092487 466099
998244353 998244353
950013556 60952353
822478073 843726161
772671799 867177523
1055779 14019763
773393927 857098343
226504328 209136584
1347500 42350
848996023 876178393
80795267 127835099
206048859 186047945
90637471 150903019
998244353 999999937
639497987 301628744
13375073 256343
999999937 999999937
998244353 998244353
110889 333
998244353 998244353
998244353 998244353
999999937 998244353
50536159 112679563
999999937 999999937
998244353 999999937
773393927 857098343
476418287 553363367
998244353 998244353
119078389 260464339
998244353 998244353
825136097 877212151
87309457 238338779
999999937 999999937
53459753 26004431
820068731 866470879
328750717 377639291
10137856 13041664
879438779 964637369
63385943 131024617
998244353 999999937
11020608 10247232
18340381 14840803
15100800 2676960
14735921 18082069
191440190 173701393
768673313 846667223
10234140 63746550
999999937 999999937
360626706 297433884
838279331 941793427
13873753 33560531
32025067 1595687
998244353 998244353
250860432 787515459
732979937 796499293
998244353 998244353
762206839 861285037
833343437 930735283
753652331 830642921
786706201 898965523
999999937 999999937
815812343 880289279
881479781 567203791
998244353 998244353
83246077 181066393
191120693 230687269
998244353 999999937
998244353 999999937
19574275 45801875
166582899 28860867
999999937 998244353
793422045 691890225
333427600 146080000
474070941 503007225
97022980 137587600
238985576 314988056
999999937 999999937
94987 86903
815812343 880289279
776051161 892857037
424181859 380620179
999999937 998244353
71238272 124666976
546952475 462222265
652845653 549129151
998244353 999999937
757078019 832528603
423056521 303047639
798792179 855156787
998244353 998244353
879438779 964637369
885870721 953941897
998244353 999999937
31863475 160350785
6870954 23047452
385489891 16119365
999999937 999999937
857775713 894393673
865114937 898211789
3172511 9768821
300646400 344803840
243084431 139506511
786251093 904054889
273825269 126958319
124219999 20680507
2708009 432017
998244353 998244353
220327273 82195991
633847247 775930067
838550507 843897269
999999937 999999937
85918813 240737377
509930015 525401975
753814665 690124459
15785711 14680097
31745512 122267368
57931172 4267952
999999937 998244353
30926148 104764176
766434287 853233187
998244353 998244353
243972162 63751010
874260533 953311001
998244353 998244353
999999937 998244353
82867320 11966400
186737 2866007
6864023 43116727
131193286 24497284
278205703 249439973
47082636 11244822
14025281 50830477
94978501 122633339
999999937 999999937
827431237 905542199
998244353 998244353
848996023 876178393
63242568 24844425
281329171 336956657
6725 361805
999999937 999999937
49413476 14360234
999999937 998244353
23348224 2473984
999999937 998244353
53706479 65573633
795501583 848125723
20830651 62273831
558272293 588635681
762966263 851300609
6386581 8757647
48947755 36586064
999999937 998244353
236932957 110885813
126024953 162110189
329675098 789922142
793849921 903037847
998244353 998244353
19971317 25222739
798381353 679317331
186139304 69479488
633724700 642143087
153120000 366339600
744980 9650
785935187 816992999
74126359 38409643
331938495 487824225
78312811 935421670
793849921 903037847
73911181 74263979
998244353 998244353
274999 368219
856260127 879918749
998244353 998244353
190329449 64984903
266750483 9876200
738365483 791882347
4113245 22675
799966485 224097829
999999937 999999937
998244353 998244353
998244353 998244353
331996957 361595497
750547687 823813409
811421388 623029777
58951097 27307367
998244353 999999937
998244353 999999937
879222573 593295914
998244353 999999937
738365483 791882347
333725536 162743383
572646524 756795997
22215141 137791953
575805498 398091484
1170148 14067214
804866633 834644071
998244353 999999937
801717611 921026207
108388187 35606539
999999937 999999937
161466551 349396741
790908059 914796041
641239463 512853521
40207283 7018237
296280000 406397400
998244353 999999937
873644015 178489710
998244353 998244353
762966263 851300609
13993387 7784717
180396430 661057267
999999937 999999937
999999937 998244353
999999937 999999937
877511671 924138221
998244353 998244353
817299827 833135561
843863393 854624669
614732332 412775984
999999937 998244353
25475696 536265487
195887104 426754048
805853291 858928151
803728073 865757803
125088064 42627776
999999937 998244353
830052841 923399467
998244353 999999937
775557984 253559114
2547763 43600397
998244353 999999937
287104501 110473507
5910179 88693
96878912 243057152
27557389 34226081
998244353 998244353
999999937 999999937
999999937 998244353
70805000 23800000
732979937 796499293
352800000 362880000
30823442 165654476
