5
20 19
1 1 0 0 0 0 1 1 1 1 0 1 1 0 0 1 0 1 0 0 
1 6 
2 13 17 
4 3 4 11 15 
2 6 19 
3 5 9 12 
5 1 7 8 12 14 
3 2 5 19 
4 1 3 8 10 
4 13 14 18 20 
4 7 11 15 17 
3 4 10 20 
1 18 
0 
0 
0 
1 16 
1 9 
1 16 
1 2 
20 19
1 1 0 0 0 0 0 1 1 0 0 1 0 1 0 1 0 0 1 1 
4 9 16 17 18 
2 4 13 
2 7 8 
3 2 4 19 
0 
1 10 
3 3 11 19 
1 11 
1 1 
5 1 2 14 15 16 
2 12 20 
3 5 7 15 
1 18 
0 
3 6 13 20 
4 3 8 9 12 
1 10 
1 5 
3 6 14 17 
20 19
0 0 0 1 0 1 1 0 0 0 1 0 0 1 1 0 0 1 1 0 
1 4 
2 10 15 
4 2 7 18 19 
4 2 6 16 19 
1 5 
2 10 20 
1 11 
2 9 12 
3 12 14 18 
2 6 16 
5 3 5 9 13 20 
1 15 
2 14 17 
2 3 8 
3 1 13 17 
1 8 
2 1 7 
0 
2 4 11 
20 19
1 1 0 1 0 1 1 1 1 1 1 0 0 1 1 1 1 1 1 1 
1 5 
2 9 20 
2 3 4 
3 3 6 16 
2 17 18 
3 10 14 15 
3 17 18 19 
2 10 20 
2 1 11 
3 2 5 8 
4 7 9 14 15 
2 4 13 
2 11 12 
2 7 12 
0 
0 
2 2 6 
4 1 8 13 19 
1 16 
20 19
0 1 0 0 0 0 1 1 0 0 1 0 0 1 1 1 0 0 0 1 
2 3 18 
1 10 
2 2 13 
4 7 11 16 17 
0 
4 1 12 17 18 
0 
5 4 7 11 14 15 
1 20 
4 1 12 16 20 
1 8 
2 9 10 
3 4 6 8 
1 15 
2 3 19 
2 5 13 
2 6 19 
2 9 14 
2 2 5 
