1000 1000
7 22 1 4 3 43 23 10 8 1 98 0 38 77 23 51 14 9 5 53 24 23 12 5 20 30 36 0 16 5 16 0 14 20 8 28 61 0 3 25 24 93 1 30 41 38 14 11 9 15 17 52 1 74 14 30 5 0 56 4 28 2 14 11 34 24 2 8 0 8 34 3 11 20 12 0 5 11 23 85 54 15 2 26 25 3 2 66 57 28 20 30 8 4 26 3 25 26 14 10 9 16 0 4 35 5 0 37 18 8 12 724926173 3 7 26 7 31 48 6 35 52 5 6 4 4 1 3 4 39 20 12 7 25 2 5 0 78 11 73 7 25 29 27 21 124 7 5 6 67 23 15 7 1 81 9 21 40 2 5 4 83 14 4 3 0 21 12 9 0 34 5 3 10 1 23 31 34 54 0 21 5 8 2 0 16 8 2 4 5 54 8 16 39 27 21 21 19 3 17 18 16 29 7 37 53 42 25 18 1 3 18 38 26 15 14 17 10 8 3 34 18 55 20 71 3 54 19 7 0 0 39 37 9 19 8 2 21 33 1 16 10 75 23 1 12 3 0 0 19 9 4 24 6 2 12 18 25 31 0 32 14 6 73 57 9 5 0 12 60 5 41 8 21 56 19 4 2 25 20 47 41 5 51 12 43 1 37 34 0 0 1 9 9 0 5 18 13 7 57 46 22 2 2 18 14 8 16 10 53 1 4 7 5 13 4 6 4 28 37 21 23 52 31 18 34 6 47 4 62 13 28 25 3 5 16 24 13 39 23 6 18 1 5 0 16 10 53 9 28 55 16 73 2 3 52 25 0 20 2 11 33 6 48 28 79 50 0 21 4 80 0 31 6 3 19 15 11 41 21 19 15 6 22 2 0 29 9 42 0 6 23 25 10 6 1 34 0 11 17 13 38 2 40 18 0 41 144 2 18 25 12 17 22 19 7 5 35 2 14 5 8 23 16 25 2 11 26 12 47 2 37 6 30 12 65 7 63 54 1 43 27 3 17 5 0 14 5 0 8 35 6 15 4 44 33 2 158 16 56 3 55 14 5 6 8 41 47 31 52 57 8 20 2 37 11 13 12 3 7 4 28 781579580 7 7 6 33 4 4 3 19 34 10 1 20 3 4 52 6 22 16 31 23 20 59 39 49 18 21 44 48 47 14 28 0 6 35 3 23 29 41 0 17 14 46 21 37 15 9 11 18 19 10 8 20 18 9 19 11 2 29 1 3 2 14 2 0 12 28 23 7 18 2 16 0 12 32 7 7 0 26 32 10 0 14 0 7 38 1 13 1 15 23 8 35 35 33 50 24 1 9 16 53 1 19 3 5 60 21 28 6 2 7 4 26 10 31 10 32 14 14 8 4 16 41 29 11 2 3 11 1 19 27 13 0 0 4 4 31 32 1 43 59 8 16 13 12 12 7 47 17 29 44 43 35 49 19 0 0 13 12 32 10 10 0 4 2 29 17 4 57 68 2 41 6 51 0 81 33 23 39 2 3 2 33 1 5 14 0 21 10 21 29 21 12 2 14 9 3 16 41 30 3 11 9 46 44 24 16 27 51 6 54 12 2 5 0 5 0 18 5 9 6 58 18 26 0 35 28 17 52 1 0 6 0 33 19 0 31 10 17 2 13 46 2 9 9 40 52 17 1 10 4 14 35 17 5 5 22 16 28 6 0 25 12 1 18 42 30 2 12 14 13 4 32 44 4 25 122 18 12 31 995998146 5 8 20 63 22 15 4 1 19 22 1 26 32 28 18 15 8 6 4 0 9 38 34 14 1 12 5 63 26 17 11 2 16 17 17 36 21 4 8 0 1 2 24 5 17 10 12 43 19 39 15 2 27 28 14 30 26 99 23 24 4 9 28 11 22 9 12 9 6 26 17 46 11 10 12 2 12 16 68 1 54 23 6 9 10 4 16 13 2 9 11 24 0 23 20 13 10 6 9 4 2 10 0 80 12 6 18 27 36 5 1 17 4 10 0 10 9 3 14 69 9 0 0 18 28 2 10 86 25 4 2 7 18 21 33 30 8 1 9 19 54 0 16 28 31 5 2 10 3 1 4 13 1 42 5 2 13 25 88 7 16 24 4 6 40 8 45 8 19 71 11 3 8 46 8 21 5 18 0 34 11 25 1 2 20 14 3 16 65 39 0 6 1 11 62 3 109 9 3 52 13 23 102 14 3 0 0 4 3 122 11 14 42 42 4 52 21 50 15 9 30 8 6 14 13 18 27 33 35 38 21 35 93 3 28 11 58 21
231 958
231 259
487 878
301 727
379 603
213 403
142 182
151 385
208 502
34 993
339 438
242 963
686 991
378 428
54 403
609 977
272 806
195 617
23 573
172 498
143 842
20 892
34 58
27 460
309 994
120 765
408 851
244 822
289 866
298 746
590 869
272 919
903 962
290 972
78 640
58 702
751 815
252 793
408 684
385 609
222 742
50 751
95 980
738 931
278 952
662 780
17 719
36 489
206 916
380 587
540 996
17 166
858 860
321 969
17 441
667 899
458 734
58 726
308 413
390 510
802 994
727 908
38 516
323 659
273 916
82 88
80 91
603 914
443 453
838 856
53 268
202 408
409 844
566 739
117 158
304 836
229 326
78 121
593 804
28 852
784 817
345 830
371 808
401 426
445 799
69 509
556 756
450 883
370 810
109 426
558 719
645 749
399 898
269 617
24 824
139 972
183 592
837 860
289 307
63 829
389 865
731 989
157 692
595 764
55 289
535 862
461 467
245 775
141 702
395 425
731 813
231 919
710 791
56 708
52 119
693 858
13 705
387 617
645 717
477 895
314 774
404 827
50 560
721 894
139 579
461 974
359 869
319 608
626 815
70 584
485 956
302 936
234 731
544 696
401 684
704 864
23 974
363 454
33 175
108 992
186 859
755 995
112 716
185 717
266 815
314 825
723 785
421 870
228 552
578 709
865 921
427 532
719 773
618 650
756 867
143 545
489 931
214 299
17 407
162 528
661 760
741 765
428 572
547 760
429 701
222 747
178 475
608 883
81 354
232 482
202 698
15 920
360 984
376 695
387 663
545 655
594 819
89 430
443 624
681 868
201 233
202 823
176 543
19 111
556 782
141 545
19 400
166 574
780 911
970 980
90 431
521 686
247 767
107 468
49 417
149 903
763 882
645 669
83 323
475 744
349 527
257 472
2 672
447 551
30 182
262 694
63 394
394 727
54 562
120 204
119 614
318 341
427 640
54 83
114 223
269 581
447 811
485 489
144 878
721 803
119 541
442 756
419 795
94 311
12 130
517 602
231 314
347 415
293 661
522 896
512 909
348 716
179 767
894 986
188 562
493 607
519 738
598 800
109 936
328 966
350 912
362 455
823 975
14 61
250 852
345 960
37 403
227 615
690 990
626 994
244 667
911 943
109 552
462 657
202 788
216 934
48 125
650 893
472 816
557 850
311 832
57 801
897 918
307 966
768 814
249 337
39 706
398 644
523 874
135 571
511 522
449 506
822 957
11 238
116 463
35 479
397 729
375 674
122 660
153 723
81 306
413 757
34 424
197 976
98 644
189 574
293 504
276 492
141 979
351 786
143 612
45 313
294 443
358 744
376 901
621 812
712 908
354 526
411 478
394 724
249 901
47 323
160 240
473 723
722 778
365 929
763 921
34 480
203 238
218 818
576 604
472 615
84 499
136 203
687 697
417 903
252 987
581 805
434 715
231 702
100 432
46 250
189 245
172 348
26 790
346 771
150 636
167 261
253 390
323 844
365 431
127 571
279 346
200 264
374 471
311 787
537 983
176 317
434 977
479 574
275 426
293 718
169 811
96 625
120 785
572 777
611 877
462 483
379 853
155 709
461 999
57 111
64 237
201 279
502 970
16 865
217 664
152 923
384 852
101 431
440 613
491 583
241 508
945 982
529 913
500 512
160 920
495 748
242 902
540 815
715 992
82 539
614 709
247 468
195 700
132 975
31 814
32 538
555 628
150 466
102 137
464 755
827 944
395 963
829 915
8 604
40 826
229 910
57 884
70 972
134 668
308 923
268 915
271 948
558 884
581 974
330 457
273 748
119 458
263 469
204 475
567 665
372 413
354 566
260 588
714 915
321 401
587 961
135 167
479 566
154 935
705 901
549 940
39 675
570 999
515 835
866 881
636 790
657 964
571 736
128 732
429 531
923 941
217 735
18 682
325 398
226 630
297 708
465 617
765 929
118 393
247 674
598 919
211 908
99 896
678 827
370 973
181 389
468 775
330 515
62 812
335 467
52 486
155 795
670 768
248 253
63 998
712 944
506 578
418 640
62 790
97 220
436 496
718 853
369 463
563 761
424 670
440 456
82 937
221 538
187 869
14 531
487 629
382 570
797 845
85 570
388 564
140 824
71 975
309 542
82 803
203 254
4 294
559 776
119 775
310 356
218 500
410 635
144 774
405 687
479 892
325 447
136 710
337 449
437 615
339 713
273 978
618 815
311 516
382 452
676 768
171 595
48 622
457 896
746 919
74 954
573 628
116 161
267 747
251 955
747 850
610 715
12 856
323 352
3 78
533 877
378 912
681 895
152 748
172 838
291 657
451 748
880 999
456 902
225 949
213 584
297 785
106 343
248 753
21 703
292 523
165 481
19 143
163 596
704 927
73 631
183 264
421 598
398 534
108 770
158 481
235 642
343 484
124 731
429 511
623 787
773 917
138 368
667 813
368 948
554 988
114 345
606 762
502 608
88 839
260 486
247 937
438 727
86 854
805 953
244 792
507 696
314 897
71 347
352 653
166 729
803 905
120 573
393 893
297 466
536 990
152 928
678 864
45 572
411 852
114 148
260 680
699 807
17 601
24 180
459 656
124 696
134 840
22 866
270 969
161 314
745 969
707 926
173 609
180 724
231 314
386 696
77 553
505 633
554 925
219 914
124 626
330 565
321 724
178 840
292 459
350 755
237 399
172 596
376 861
502 646
432 989
498 601
29 333
38 320
479 530
143 341
46 533
505 728
127 315
327 818
109 826
404 964
195 781
456 544
836 902
112 864
8 451
135 853
625 938
56 900
608 857
491 620
159 584
401 474
484 670
177 989
224 775
730 945
695 902
713 764
224 928
636 716
545 977
419 512
416 657
629 747
150 893
496 555
473 739
61 778
189 754
187 1000
151 306
68 793
42 234
728 860
187 471
436 603
405 869
114 623
113 933
11 147
112 143
542 759
217 422
454 614
415 967
419 633
365 557
205 786
18 486
218 743
253 598
158 841
610 861
518 878
109 613
670 929
265 754
643 700
184 878
347 944
352 889
294 670
372 744
266 815
321 670
313 794
405 560
76 465
206 634
379 524
286 651
46 101
42 469
854 918
273 629
465 955
800 830
385 533
287 859
148 201
344 670
185 628
620 905
110 911
206 420
81 524
225 865
247 322
238 738
486 725
396 466
74 884
272 750
4 843
187 911
206 526
50 608
433 805
467 778
589 792
662 863
260 379
417 454
389 901
689 808
600 923
58 852
163 733
818 862
738 995
264 356
299 958
4 513
17 649
14 201
251 361
739 830
632 669
242 495
317 899
836 840
129 288
487 749
350 978
318 912
487 667
688 789
950 979
650 930
145 608
75 164
517 886
400 840
168 813
536 622
313 599
120 954
601 849
33 576
110 224
640 984
461 819
421 784
424 948
321 394
95 882
289 416
485 536
323 558
257 807
680 906
85 730
435 561
225 243
315 988
47 990
12 974
62 265
134 432
137 508
94 446
26 744
380 679
151 506
285 485
168 912
174 464
41 456
33 465
106 975
275 925
71 242
164 690
342 885
409 585
275 280
163 977
234 566
387 710
522 588
297 623
318 511
560 870
157 296
663 789
110 931
558 647
96 806
165 804
110 561
422 950
276 686
58 631
676 905
630 829
375 564
534 575
364 504
232 818
505 581
409 558
275 531
600 972
19 463
116 338
557 869
415 619
284 807
236 840
768 845
175 346
807 918
306 645
34 625
655 903
315 775
321 329
174 463
177 464
243 357
482 608
468 689
800 981
709 778
56 432
52 265
873 969
501 1000
181 332
454 673
98 234
309 692
674 675
332 479
75 775
74 905
558 838
813 896
893 983
470 545
27 388
427 961
31 863
601 738
776 817
487 585
117 868
483 783
82 347
101 432
822 930
260 741
147 784
38 461
620 620
33 486
581 960
80 138
681 819
667 707
719 945
466 545
382 798
157 968
649 944
271 972
234 435
254 293
378 534
223 391
334 790
154 439
138 726
29 439
14 782
415 706
196 367
198 354
395 856
221 946
306 335
447 946
799 832
243 256
690 890
438 985
157 417
23 636
99 310
640 755
21 223
214 720
620 808
696 967
549 723
620 710
332 933
346 471
395 610
13 513
301 828
35 806
397 709
229 424
175 962
1 480
496 910
76 77
419 951
332 375
552 753
604 800
742 961
267 580
296 454
865 964
293 543
245 623
311 577
877 959
912 956
162 534
363 374
321 772
412 544
142 236
52 751
124 252
828 867
812 904
357 992
202 286
74 957
352 926
282 877
216 563
652 760
330 690
2 938
750 994
58 536
194 860
34 239
279 762
309 397
210 994
249 901
161 168
325 958
62 578
221 266
188 548
262 959
635 835
206 691
89 687
392 551
182 1000
219 568
713 941
473 553
470 788
244 967
104 459
219 961
44 822
269 645
777 780
141 185
159 463
258 905
477 774
185 264
590 988
597 606
110 312
282 831
16 616
243 505
318 546
714 968
133 620
358 445
303 803
377 916
461 754
612 897
78 156
495 619
153 720
388 574
325 328
