1000 1000
30 0 2 1 9 15 35 11 63 17 11 11 19 12 6 23 8 11 46 3 76 20 31 16 10 17 9 13 4 24 12 13 35 28 19 3 4 47 0 39 20 17 7 29 14 4 19 26 15 18 5 8 12 31 2 21 28 744741330 9 4 7 11 7 64 30 32 58 2 15 40 4 8 62 54 6 25 10 15 24 12 400041811 60 3 17 1 44 3 15 36 12 27 6 128 17 5 10 5 2 83 0 21 17 23 0 3 7 106 16 42 12 13 4 72 34 4 28 0 11 7 6 25 34 13 11 9 26 11 81 15 2 28 14 8 35 102 2 22 8 3 0 22 15 1 1 4 0 0 37 21 17 21 0 1 7 9 17 7 1 22 9 53 11 19 7 39 9 13 21 9 20 12 7 7 1 21 24 20 16 23 5 6 2 16 5 12 9 40 57 2 5 3 14 7 5 8 37 8 12 21 5 8 6 45 7 6 10 13 15 12 43 0 21 36 9 18 21 3 21 12 10 8 29 16 21 11 15 11 28 24 3 5 16 18 6 11 5 0 2 5 7 0 32 86564384 37 3 7 11 21 14 4 7 12 37 31 6 21 11 44 1 0 19 52 5 2 45 121 5 17 22 4 27 5 15 2 24 6 33 23 42 55 32 22 0 44 2 14 5 10 25 5 16 44 2 1 4 13 28 4 7 13 0 25 18 24 72 20 14 31 4 5 13 90 14 3 43 10 13 30 1 16 5 1 26 4 10 13 26 19 39 38 46 13 44 22 23 3 78 8 60 6 1 17 31 3 32 27 18 14 26 42 0 131 13 9 0 1 10 1 1 11 7 15 10 18 57 7 5 14 146250926 2 32 18 86 0 31 6 1 3 0 47 72 0 17 24 45 8 23 33 4 2 23 15 6 0 15 43 9 17 20 13 35 20 13 39 19 10 28 38 13 2 36 16 39 7 6 2 15 41 20 28 17 29 22 29 9 25 63 56 44 15 4 18 8 6 44 61 2 1 9 17 5 12 19 20 7 13 11 9 34 87 24 46 2 28 47 66 11 9 22 45 7 60 26 26 19 3 8 6 29 1 30 2 11 0 47 9 40 1 39 29 109 1 11 28 5 4 11 14 2 4 19 79 9 4 0 58 32 27 15 27 4 4 18 4 9 12 36 11 6 8 7 8 15 15 3 3 10 2 3 5 17 26 3 84 5 9 13 7 66 2 8 24 2 7 16 61 30 8 2 14 6 3 0 5 39 3 19 52 6 34 12 24 58 8 19 51 3 21 3 3 2 3 18 9 27 11 6 16 9 34 41 3 27 51 1 21 21 34 8 12 13 2 24 3 1 17 7 8 2 14 13 19 3 73 2 0 8 10 20 20 3 12 23 3 40 6 4 11 0 5 73 8 14 2 26 15 62 3 7 5 1 32 19 1 11 31 40 9 39 50 1 17 0 40 8 2 32 13 52 2 16 46 17 22 5 16 47 34 15 10 21 44 12 3 26 29 30 4 2 15 0 6 28 14 66 2 64 5 8 14 9 68 45 30 13 42 20 3 12 14 7 31 32 0 5 28 15 13 40 19 12 26 4 2 25 58 2 11 35 9 2 5 3 32 39 20 18 13 9 32 15 17 2 5 11 12 40 33 2 12 3 18 12 1 1 31 0 42 12 13 15 20 6 9 19 6 76 1 1 25 53 18 22 5 9 8 19 13 71 69 21 20 33 0 16 27 10 10 1 46 4 45 29 10 64 36 11 8 4 16 12 54 9 7 7 8 12 33 44 30 14 17 10 4 7 39 15 0 19 23 3 49 9 3 10 2 34 56 7 28 43 0 0 2 22 0 7 20 19 20 8 4 14 30 19 15 31 12 28 5 49 16 4 12 43 1 11 4 4 4 1 1 9 19 85 4 2 11 48 18 2 7 1 25089812 6 35 7 78 28 8 2 9 15 6 1 1 29 7 1 11 56 13 17 4 0 14 46 15 4 21 15 1 0 24 17 37 8 37 40 5 6 40 7 6 0 3 16 15 74 20 5 48 4 32 18 33 15 12 17 4 18 2 9 48 3 10 11 4 12 7 44 9 16 16 3 2 38 4 25 1 0 16 28 27 7 39 16 0 3 26 40 20 8 9 29 46 6 0 7 42 1 3 9 13 39 26 21 2 32 49 9 1 1 14 119 19 39 33 1 33 39 8 22 7 1 80 0 36 1 50 6 25 11 14 7 39 10 15 28 22 8 24 17 20 43 2 23 2 0 2 26 6 8 13 7 21 20 7 27 30
527 917
559 744
115 270
382 917
341 835
917 997
361 645
341 451
101 581
96 665
137 204
530 702
464 894
467 829
622 747
548 934
441 516
73 642
402 955
154 592
134 249
200 638
136 171
781 811
606 849
515 739
224 544
387 952
334 836
560 844
683 873
640 807
12 726
403 818
69 313
734 911
35 870
50 635
72 705
215 782
141 299
874 882
172 186
38 811
476 540
348 767
541 955
638 817
811 861
95 399
84 975
569 761
210 616
237 700
432 479
232 952
532 716
723 924
115 875
736 838
510 977
733 823
46 501
375 846
665 883
223 248
874 905
207 905
218 558
54 914
661 783
228 244
37 398
495 866
25 987
279 462
647 711
261 346
48 867
876 999
644 782
520 540
473 608
18 37
76 408
32 739
159 641
680 818
252 915
250 828
386 426
537 800
551 865
95 524
168 350
73 825
162 764
243 586
267 415
346 406
421 988
419 654
376 645
55 114
890 969
91 428
314 671
776 881
301 887
287 803
60 485
192 210
14 806
16 470
5 379
533 929
213 793
452 852
167 983
551 995
43 269
326 637
308 583
420 568
164 850
175 184
654 942
370 648
289 612
55 211
676 814
283 371
401 554
273 799
350 950
557 755
14 730
6 964
45 124
809 891
691 723
290 536
144 688
155 870
397 836
345 416
265 793
209 941
124 573
709 953
705 899
653 880
384 954
22 779
319 548
458 751
272 650
427 510
80 312
88 356
127 920
606 998
105 503
404 837
247 471
538 998
215 607
151 194
231 805
304 335
147 605
269 448
471 885
43 541
181 317
799 927
78 670
86 276
496 884
342 672
295 868
64 286
100 754
213 702
74 353
394 700
83 849
609 941
396 431
857 877
334 690
331 813
335 657
428 592
387 823
259 733
175 258
221 370
293 294
822 965
634 916
396 612
356 465
210 792
474 564
512 757
530 895
259 344
129 621
897 927
404 655
165 954
582 595
287 742
481 495
805 894
702 935
491 738
201 512
201 918
205 942
389 997
360 801
440 797
504 889
95 844
368 670
242 652
630 656
256 877
307 571
216 725
266 921
136 503
363 750
471 757
22 965
876 895
169 303
349 999
716 849
715 920
305 660
88 126
316 480
564 993
223 263
12 290
9 85
225 606
301 425
80 133
329 406
853 865
523 835
78 384
430 524
617 662
49 411
33 447
764 971
553 938
206 228
420 907
68 668
302 847
16 414
74 753
253 945
372 595
23 320
77 749
647 908
227 349
64 406
110 388
73 904
570 988
488 789
565 994
455 931
331 841
12 920
91 258
552 942
35 134
15 125
261 611
774 852
219 980
252 457
463 864
773 988
201 522
205 478
353 530
78 101
140 970
186 905
158 583
277 748
203 705
114 183
152 197
24 366
89 710
453 918
423 858
715 774
789 856
57 739
63 158
233 960
122 793
300 737
195 722
805 973
50 120
423 639
451 871
96 268
452 867
618 839
67 441
105 902
163 471
723 811
375 813
253 718
699 708
41 206
157 506
135 640
4 476
136 723
110 566
537 693
324 517
230 906
622 928
201 509
551 772
284 684
444 692
524 661
278 312
397 581
172 410
79 838
5 176
141 872
429 630
835 888
558 739
187 700
456 754
151 184
148 533
440 471
342 481
43 242
405 697
2 513
671 687
232 825
329 583
365 434
340 928
51 235
382 857
6 796
194 918
87 868
287 374
303 916
400 914
67 875
172 909
112 152
207 892
94 886
360 764
137 139
141 196
214 996
230 812
262 454
396 991
546 573
627 851
163 291
573 866
160 509
873 957
265 762
213 588
23 794
373 654
471 866
317 901
313 424
453 881
718 879
14 142
33 490
796 954
197 403
415 568
567 614
625 784
197 289
147 791
50 525
184 721
353 417
667 713
453 923
210 308
369 459
430 460
608 675
55 274
154 191
149 703
30 497
197 690
565 832
293 984
279 504
110 722
463 628
12 27
508 625
8 148
383 941
218 497
285 600
17 209
550 704
76 448
177 316
816 936
418 731
479 503
88 663
243 818
192 209
295 664
552 953
366 915
397 760
160 335
453 658
677 680
285 756
163 320
120 637
269 931
334 644
64 127
54 249
762 1000
378 888
177 359
485 775
543 786
47 72
177 870
207 438
149 256
411 747
308 962
276 309
222 661
787 965
534 968
475 973
89 897
138 952
356 872
94 539
293 673
51 359
335 901
688 700
281 802
654 734
354 828
271 936
628 895
455 737
677 725
364 693
400 989
472 637
565 667
254 797
55 931
704 829
917 918
168 953
252 957
82 659
47 792
3 694
133 409
317 640
47 920
330 894
362 961
456 950
223 359
136 319
454 697
406 690
702 796
51 520
25 659
269 373
326 976
294 488
19 837
182 836
394 947
641 782
289 971
598 954
244 318
259 730
769 874
20 950
164 561
361 479
559 927
142 384
294 945
183 663
728 964
214 622
637 851
414 484
6 823
19 429
696 730
210 350
4 38
283 753
412 922
216 421
64 674
557 623
354 790
156 412
20 772
129 941
289 909
201 799
271 550
41 676
93 932
546 855
269 927
285 724
469 478
714 970
149 413
456 611
361 382
610 899
484 768
17 638
323 808
252 812
715 832
77 556
583 649
624 743
362 548
384 465
667 716
521 898
672 708
864 888
223 360
602 723
609 904
698 810
156 396
220 675
420 569
229 350
184 685
671 825
381 428
582 975
877 956
102 381
226 616
490 561
308 370
454 694
213 324
551 943
85 957
755 900
16 508
612 771
242 393
192 753
362 563
842 988
95 107
116 276
286 401
777 952
101 682
408 998
566 889
53 654
375 937
66 933
309 956
98 793
95 728
505 686
410 794
104 605
126 940
35 998
309 464
504 625
240 893
500 936
273 412
599 671
546 577
674 747
282 437
551 592
297 669
28 459
491 992
867 940
425 671
133 667
133 810
389 499
441 993
429 794
327 637
409 726
367 994
14 68
131 430
442 897
251 920
97 728
251 904
49 118
301 457
487 552
213 489
786 934
643 688
101 103
657 812
41 498
191 261
634 980
329 645
305 737
569 824
326 412
284 981
332 669
248 601
400 528
578 969
725 882
384 622
390 874
393 959
260 875
458 756
23 437
421 488
967 977
174 515
495 708
589 654
689 747
340 935
695 704
362 811
178 790
240 546
236 892
598 908
165 342
9 690
363 683
192 886
14 73
392 550
453 607
707 726
162 198
460 518
722 963
256 580
233 766
56 207
17 328
588 820
797 888
291 551
260 280
100 623
479 523
393 891
784 846
108 370
157 693
524 926
97 232
679 968
4 455
114 782
771 960
330 615
103 349
198 617
265 767
629 959
967 971
58 840
813 978
298 735
16 964
109 444
183 262
15 217
288 536
99 505
526 766
126 706
45 510
133 281
226 637
253 470
102 325
865 908
185 843
399 896
722 819
479 572
698 936
258 865
704 944
224 288
279 778
78 604
835 992
172 225
696 807
265 565
124 784
651 918
322 647
30 636
328 496
4 546
463 499
673 726
253 369
331 381
369 784
350 712
626 635
377 645
31 209
426 506
599 860
77 608
381 715
345 517
170 201
290 656
578 707
111 150
4 577
36 69
727 835
508 960
305 911
137 888
135 560
72 620
59 344
289 424
349 809
93 817
496 981
507 845
626 888
318 948
330 402
13 522
705 983
353 630
224 459
241 366
277 958
246 353
182 435
322 833
549 928
197 621
12 975
151 742
539 804
136 868
685 704
313 922
134 162
608 910
89 93
37 55
183 356
67 975
29 474
195 926
645 918
187 833
643 952
829 879
394 885
103 320
413 706
162 171
642 822
791 965
72 502
121 985
39 97
195 383
56 118
331 997
82 403
516 989
544 991
885 886
79 384
258 977
186 396
92 548
115 785
262 855
550 715
223 957
119 312
454 737
390 757
474 633
225 732
168 316
209 302
251 556
155 161
586 685
663 878
139 677
37 280
296 608
475 985
726 954
721 856
419 520
131 890
399 645
216 950
157 740
153 939
657 779
83 618
34 842
16 863
188 305
190 861
561 596
71 439
134 559
274 513
163 554
70 515
586 791
320 757
128 355
206 992
186 860
580 694
549 552
412 992
393 856
244 775
136 890
111 828
510 802
588 922
444 522
577 871
32 338
475 815
142 601
938 988
481 593
184 573
537 765
327 905
745 900
405 506
233 718
289 398
470 688
424 717
359 418
280 997
135 567
34 911
824 961
34 672
392 397
326 811
180 361
93 137
284 869
287 404
289 709
272 434
402 908
223 953
510 784
77 294
230 978
509 617
301 871
404 985
499 798
151 387
25 953
3 108
242 736
79 158
56 922
88 280
352 572
296 346
414 494
833 913
205 377
246 968
627 854
772 775
634 658
930 955
152 949
161 515
856 1000
251 793
70 699
193 346
545 773
297 842
388 475
177 262
173 231
84 203
1 661
974 974
338 536
549 954
313 815
302 483
578 811
481 643
520 538
475 917
557 715
467 538
88 916
41 789
449 859
100 689
237 487
277 750
788 847
125 152
128 660
318 778
326 805
