1000 1000
110 4 11 2 7 4 8 21 11 22 0 8 3 25 1 0 4 1 4 8 14 102 10 25 1 19 0 1 35 107 14 7 107 33 7 7 12 8 16 6 1 103 31 13 29 2 6 0 1 20 3 2 3 2 6 0 102 5 22 8 103 27 12 0 0 11 8 23 2 7 15 0 13 17 4 0 3 3 26 6 24 1 7 26 5 112 0 23 13 3 100 6 6 8 7 0 4 0 2 0 11 6 4 5 0 9 15 7 5 2 3 7 7 2 6 107 27 105 7 50 105 103 4 1 8 5 32 10 102 5 9 20 11 14 8 16 0 8 2 0 10 24 106 14 6 3 1 3 0 10 2 8 16 0 0 110 28 2 13 10 24 1 103 6 2 14 5 3 33 3 2 2 17 12 7 2 1 8 18 17 1 0 1 2 0 5 8 1 7 1 8 3 3 11 28 7 5 1 28 0 8 105 1 5 6 10 13 18 0 1 111 7 9 9 0 5 15 2 0 42 6 0 1 28 1 6 107 2 0 3 10 105 34 34 130 34 2 2 4 10 37 4 103 14 9 1 100 6 14 115 13 7 6 111 0 6 1 18 100 2 105 1 7 5 18 2 2 2 4 0 28 13 10 3 108 20 4 12 7 20 2 102 0 5 100 5 13 7 189 4 1 20 1 0 8 1 8 9 17 117 1 35 13 18 0 14 0 0 5 10 3 12 9 3 50 2 12 9 12 13 1 2 10 21 17 3 18 7 100 3 28 48 32 9 3 1 7 9 111 8 17 0 16 0 15 107 34 14 36 4 11 3 101 1 10 1 1 6 132 6 0 1 3 3 3 1 106 5 6 33 4 114 18 105 0 9 6 19 15 4 18 3 8 4 10 4 26 4 109 113 9 16 27 15 14 0 8 12 2 17 1 8 7 9 3 102 9 1 17 29 11 0 2 6 100 7 8 105 115 105 0 5 2 0 18 12 3 115 14 5 13 0 2 18 102 4 3 4 130 2 17 103 6 6 5 10 109 107 30 103 20 7 0 2 3 117 2 8 99 97 95 93 92 85 83 82 3 81 2 7 0 2 80 0 78 76 75 74 73 72 71 68 7 66 64 63 60 56 18 55 52 51 50 48 42 40 37 35 34 4 33 84 32 31 17 0 2 29 27 35 26 38 25 23 22 21 45 20 19 30 17 16 2 15 14 11 9 8 8 7 3 2 4 0 1 4 47 2 11 5 11 12 6 8 10 13 18 24 28 36 39 41 43 44 46 49 4 53 54 57 58 59 61 62 65 16 67 69 70 77 79 3 86 7 26 87 88 89 90 91 4 94 96 98 102 1 12 13 22 132 10 6 7 8 2 4 1 14 103 3 13 15 13 7 9 2 7 15 6 0 7 3 10 20 8 3 0 6 3 13 33 10 17 0 101 10 4 37 0 12 14 2 29 9 0 12 10 0 6 2 15 14 4 0 2 7 112 3 8 0 18 5 4 6 4 2 3 1 3 2 20 0 52 100 6 1 2 0 13 1 1 12 11 20 7 6 14 111 2 4 2 4 114 14 132 0 109 4 1 26 13 2 2 13 21 28 3 101 1 5 0 34 5 25 3 8 14 104 5 19 59 1 0 126 29 107 2 0 120 20 3 2 11 7 7 3 14 16 4 11 2 17 9 1 5 1 2 8 2 1 107 13 2 26 18 105 25 103 8 4 0 3 9 39 14 31 1 2 8 4 5 7 108 12 106 4 21 101 1 2 19 2 10 1 2 8 15 1 3 4 115 1 7 3 4 103 31 7 24 2 21 4 13 14 0 8 5 18 0 101 11 11 8 18 0 2 30 1 14 0 46 2 0 111 0 14 121 4 4 21 11 5 2 16 3 5 100 20 20 11 1 157 41 4 0 105 4 2 5 11 4 6 26 8 5 1 6 6 107 0 31 5 1 17 6 2 120 1 6 10 4 9 1 4 5 16 106 7 24 14 20 37 11 0 7 6 9 1 1 101 14 3 4 15 3 101 9 0 11 102 10 103 16 38 5 18 10 29 104 22 5 3 18 137 0 1 1 0 14 11 2 100 4 108 6 0 14 0 24 11 16 9 4 4 9 18 12 101 21 7 12 6 0 6 33 0 0 1 106 36 0 5 1 6 7 8 14 7 1 2 4 109 16 14 16 10 4 15 3 16 4 9 4 3 24 3 107 37 14 42 2 8 7 7 21 102 15 8 4 5 2 103 2 0 24 0 2 5 10 107 2 102 4 2 1 5 4 3 2 0 362 427
170 228
638 818
716 883
541 555
302 374
682 841
739 829
353 864
326 590
581 618
454 550
8 654
323 417
532 924
593 992
158 667
570 907
417 593
714 983
53 657
102 269
83 367
160 224
173 771
269 327
32 299
64 401
145 710
4 894
132 289
606 753
188 693
736 786
630 876
127 228
576 634
710 882
134 968
499 684
218 696
185 363
140 730
192 309
295 756
707 835
551 624
111 988
321 471
824 891
261 566
421 790
402 488
157 931
314 444
184 696
734 737
677 752
55 488
217 367
573 627
89 735
583 802
381 652
16 129
545 700
48 465
430 704
279 983
158 610
554 635
128 349
136 166
223 596
567 681
167 476
296 664
283 751
334 954
34 132
160 433
26 200
43 731
687 722
33 137
400 980
196 760
132 463
78 731
120 393
778 805
112 778
507 577
866 907
911 939
281 357
423 982
60 884
210 754
203 701
423 613
668 838
532 667
341 844
98 540
142 905
13 742
729 964
337 427
643 756
733 949
132 451
372 680
335 593
399 780
228 757
250 319
503 617
522 628
291 966
421 778
875 967
505 608
57 142
59 822
470 744
217 405
275 846
244 444
797 801
638 780
526 527
810 877
178 197
283 574
673 808
79 879
296 543
510 972
139 418
738 950
21 151
139 567
131 403
848 911
421 607
393 911
23 702
79 699
86 239
371 609
733 774
569 975
699 837
56 213
243 726
483 765
328 898
327 844
555 667
802 847
240 509
501 890
6 35
300 947
566 956
833 998
837 966
323 625
654 682
464 695
212 435
283 777
266 695
11 254
480 504
97 565
233 398
352 434
68 566
360 621
843 888
213 537
66 227
404 921
618 690
333 521
79 531
695 905
35 591
477 733
932 971
250 443
355 566
299 527
192 409
276 967
517 632
160 940
601 688
424 669
258 585
208 312
136 948
72 355
170 641
244 310
559 976
496 622
156 670
187 492
39 591
703 797
203 264
452 557
812 934
758 767
395 589
427 655
41 464
7 377
512 526
209 970
455 461
212 419
405 431
422 707
478 846
125 622
828 948
645 827
129 211
1 180
674 725
625 703
415 974
249 639
6 980
245 344
229 494
366 865
604 787
39 936
775 809
168 596
268 686
323 827
164 851
149 523
604 867
454 558
332 568
24 977
240 373
240 724
538 703
721 856
219 506
845 884
30 678
465 878
712 781
183 880
335 555
308 390
652 868
344 838
12 71
197 610
16 167
82 761
178 396
35 496
598 829
208 702
74 697
415 897
187 928
152 747
794 822
426 518
848 870
247 597
308 893
168 470
230 811
509 535
66 117
164 857
199 327
291 533
550 785
315 654
334 503
543 817
487 940
294 357
585 718
587 833
511 767
18 811
623 860
478 852
250 826
205 559
147 470
720 870
909 928
209 636
902 967
17 300
36 169
755 917
142 962
309 673
48 863
103 126
90 669
553 586
40 416
341 977
384 521
4 74
470 532
437 722
74 668
83 142
218 274
577 835
203 774
51 488
667 852
160 763
258 664
103 862
240 537
79 475
252 290
350 946
188 194
438 623
158 395
343 865
593 611
164 372
231 605
97 741
334 844
259 727
582 660
99 386
20 975
775 787
654 794
525 640
103 317
97 409
193 532
535 594
73 376
488 613
142 764
401 860
331 816
344 385
187 247
231 271
136 820
801 912
759 863
327 424
232 973
45 521
106 215
69 558
145 269
276 965
182 794
337 841
598 811
467 540
311 578
226 453
474 521
404 793
404 931
446 945
278 578
312 603
309 563
19 418
138 988
146 378
394 816
238 267
618 936
335 980
59 709
96 631
68 541
359 817
297 377
45 100
255 464
451 939
432 847
60 398
602 628
538 646
540 963
410 882
189 861
511 596
786 867
752 770
450 852
401 621
56 75
431 677
66 713
29 158
514 593
227 752
205 749
466 562
804 900
97 696
356 996
504 842
285 445
380 936
307 379
437 464
248 321
484 568
491 667
40 420
355 954
615 997
817 835
452 952
273 473
430 774
281 816
194 342
826 869
53 892
276 574
13 790
461 706
624 709
741 899
215 858
665 780
556 614
260 549
74 875
349 396
666 853
91 907
380 415
811 893
450 872
65 224
2 288
492 544
510 517
542 544
874 890
227 367
183 475
569 831
217 456
605 725
94 607
249 735
46 98
170 178
74 295
145 982
259 779
711 750
465 634
233 918
511 606
197 544
454 846
340 689
139 571
294 786
179 991
110 530
80 558
246 261
23 137
284 909
116 544
77 636
21 757
326 644
268 693
314 607
111 998
344 440
26 865
171 867
327 642
311 775
486 798
641 771
248 678
267 383
250 932
370 661
133 721
109 883
391 583
455 516
590 972
105 291
171 544
14 586
30 544
749 986
136 201
56 926
404 577
508 899
429 592
522 844
333 603
248 385
200 549
515 545
283 316
109 945
162 295
74 505
25 549
238 243
818 855
671 763
8 421
147 906
298 368
657 727
629 883
665 688
152 952
37 222
445 708
460 598
137 271
79 182
219 646
51 532
134 313
596 747
535 777
624 845
365 668
594 721
185 659
595 633
273 381
382 882
551 643
487 560
363 1000
198 704
211 216
203 507
195 352
444 599
179 456
77 512
220 256
313 832
247 288
459 693
121 280
557 768
397 786
182 421
95 908
669 726
549 579
384 395
388 702
23 832
155 736
83 869
247 576
404 980
348 953
38 614
457 949
40 395
17 157
144 260
299 412
182 595
649 696
562 571
456 994
114 441
203 911
219 357
305 405
349 610
57 223
213 622
144 204
464 578
568 885
600 786
521 878
173 427
21 883
4 298
372 724
614 814
131 852
79 763
53 239
778 886
360 907
492 663
201 277
403 814
413 752
202 562
643 967
48 266
224 394
924 992
572 832
395 958
214 288
706 718
254 602
386 910
444 537
407 540
178 886
315 442
290 770
838 840
620 805
12 755
40 607
389 536
31 661
356 815
580 737
552 827
411 756
211 655
269 722
772 871
282 406
799 996
295 633
298 413
533 601
89 283
821 904
564 902
17 526
444 728
585 717
845 903
226 330
377 638
758 963
361 946
497 965
941 967
360 625
275 594
480 584
76 909
33 535
356 380
573 641
486 536
160 239
222 859
84 231
194 637
125 513
813 962
415 823
141 384
60 820
333 708
367 993
66 411
573 737
46 69
589 666
98 973
310 663
737 800
198 369
958 975
380 576
7 108
160 457
734 784
222 830
663 921
420 989
1 213
105 197
641 646
380 860
578 793
642 834
314 508
74 961
849 963
454 494
194 869
1 186
331 781
505 935
252 486
50 78
539 724
354 890
358 433
944 966
375 759
292 592
752 924
755 769
753 957
1 41
367 625
105 188
54 443
624 670
4 525
221 260
254 267
58 965
795 840
17 820
156 858
312 363
472 817
477 675
45 736
326 583
60 301
259 663
398 696
304 381
585 736
233 589
228 906
82 925
56 224
461 646
497 992
606 620
446 724
354 998
78 866
108 273
333 380
274 645
554 995
313 799
810 838
365 548
393 780
44 210
17 167
278 718
160 350
287 833
47 975
541 757
41 105
85 291
317 724
179 227
88 168
888 961
251 881
47 279
609 830
98 318
282 677
427 917
80 241
284 996
8 767
327 390
80 375
210 355
179 588
568 900
16 792
216 801
851 983
740 761
393 982
124 501
631 838
8 210
62 111
200 235
899 976
27 984
295 649
111 213
477 670
529 580
341 948
725 898
357 577
281 645
44 641
641 759
380 716
356 722
700 720
111 347
156 888
544 688
334 584
240 309
92 781
561 675
404 752
204 790
277 710
162 740
293 874
314 713
61 956
337 436
192 216
465 985
630 802
370 494
218 244
524 678
444 751
731 904
389 875
62 753
412 756
440 734
270 382
94 176
542 929
198 260
223 408
371 612
277 630
461 520
13 845
798 841
631 859
573 938
449 939
439 758
221 860
495 992
445 519
661 850
599 647
104 254
3 628
109 675
721 771
51 810
627 637
5 246
142 999
531 934
8 443
656 697
22 1000
203 952
201 308
143 953
845 896
193 715
307 828
316 725
892 970
661 805
119 544
109 338
240 427
969 984
203 247
175 683
602 661
152 365
485 760
200 721
260 856
611 828
180 413
141 662
314 608
687 721
130 443
5 916
450 626
189 731
178 772
292 493
413 435
747 913
217 420
36 870
93 398
852 865
620 835
252 319
49 993
140 150
356 1000
596 699
392 887
279 444
311 984
483 675
19 537
121 861
836 917
95 695
761 802
47 932
508 815
138 609
486 938
221 955
217 900
355 395
502 960
33 103
169 861
706 946
59 385
305 781
556 817
21 377
414 788
668 875
883 949
593 823
79 163
397 731
716 777
160 223
473 621
653 852
629 868
434 477
723 795
614 619
571 728
403 882
48 726
248 568
245 936
185 636
202 846
38 877
422 798
492 652
307 726
326 340
656 933
296 438
7 810
468 577
26 759
283 419
119 895
290 937
393 580
392 726
688 729
39 154
83 106
360 624
475 935
480 764
544 936
97 896
438 896
