1000 1000
0 11 16 2 6 7 2 0 2 2 11 4 9 2 100 5 7 6 130 8 131 1 32 8 3 25 6 7 10 27 4 6 16 3 2 6 14 11 3 15 14 10 6 7 9 1 12 0 23 22 8 1 105 14 2 1 8 130 0 33 15 19 13 129 2 3 5 11 11 0 5 4 0 28 8 7 7 1 2 25 7 0 18 2 26 9 2 3 12 5 2 13 15 4 18 60 7 9 1 8 4 12 3 19 5 100 2 3 0 5 1 8 7 24 2 14 1 13 102 2 5 13 3 0 5 8 6 8 21 3 9 31 10 108 7 112 9 2 17 15 13 104 5 7 7 12 9 100 2 21 5 9 2 5 11 110 24 2 6 22 0 17 31 0 5 0 6 38 7 13 6 16 1 10 3 22 70 13 9 11 107 6 14 3 7 20 3 11 21 1 1 8 30 0 9 6 1 4 0 4 2 1 8 23 34 103 1 0 108 2 100 3 5 4 29 2 18 10 116 0 9 2 4 1 29 3 2 105 1 100 11 12 13 7 0 3 9 18 113 7 0 3 6 11 29 3 9 4 48 23 1 8 15 15 1 1 101 104 1 31 4 0 3 9 28 21 18 5 1 16 8 11 4 4 9 101 9 7 17 100 0 6 117 4 111 21 100 3 23 1 11 117 13 2 9 5 2 1 13 3 3 6 61 1 1 113 5 4 3 25 100 4 7 0 8 6 15 0 1 41 9 24 8 3 3 6 7 0 0 8 76 16 2 1 15 10 1 1 24 1 13 26 6 3 8 106 8 0 1 3 12 0 140 7 11 12 7 13 4 0 38 5 4 0 28 7 4 1 3 17 122 9 1 1 0 2 1 11 1 0 26 12 1 5 21 9 6 100 9 3 4 2 2 22 2 1 11 0 24 3 102 13 2 3 2 21 3 21 10 15 19 5 0 1 1 101 23 29 2 6 7 5 110 100 1 1 19 1 19 1 97 96 103 0 27 95 94 93 92 91 90 26 89 88 83 82 81 78 77 76 74 72 71 70 69 65 64 0 62 102 58 122 56 52 4 51 50 48 45 44 36 32 30 1 37 29 10 28 25 21 18 14 16 13 8 55 7 6 4 12 2 1 100 0 3 5 9 10 11 15 5 17 19 9 20 22 17 23 4 18 24 26 27 31 10 33 34 35 38 39 40 41 42 43 46 2 47 49 53 54 57 59 27 60 61 63 66 67 68 73 75 79 80 84 85 86 87 98 99 129 106 2 4 1 1 0 5 3 27 2 4 109 13 12 4 17 100 4 3 3 13 16 4 6 25 10 3 5 16 7 6 10 4 3 12 5 0 4 4 12 6 14 1 12 8 0 2 9 3 5 108 107 10 5 13 4 1 2 5 10 6 106 49 42 0 9 10 1 10 7 1 27 27 9 15 16 13 3 2 0 5 4 17 2 6 16 1 16 100 8 0 17 2 17 6 6 0 7 4 2 7 3 3 48 7 9 12 0 8 133 0 4 3 13 1 1 0 3 23 13 1 106 10 2 104 10 7 0 14 8 4 16 22 4 12 4 12 5 16 0 2 0 0 23 116 10 9 112 4 0 3 1 10 3 11 0 115 19 100 0 15 9 10 4 14 5 36 3 40 2 11 7 0 6 20 5 7 13 5 1 106 4 0 0 1 11 16 5 0 6 7 0 20 10 3 6 9 35 7 1 4 0 6 7 14 6 2 9 2 8 5 5 4 15 9 46 31 17 15 26 0 25 6 0 3 2 30 1 24 2 7 3 5 1 14 0 1 100 18 50 15 3 1 0 3 4 3 11 0 116 2 19 1 12 25 103 15 20 23 19 4 0 0 3 2 13 8 23 0 3 3 106 5 4 11 6 13 12 4 15 5 12 7 2 9 2 2 6 0 5 1 4 1 3 10 44 6 6 2 1 15 28 4 13 21 13 5 41 133 0 5 1 15 27 0 2 8 11 1 15 8 0 4 19 4 0 9 113 19 100 2 2 0 27 130 1 11 9 43 3 102 8 7 6 7 109 12 20 7 3 6 6 101 9 5 13 8 0 9 103 47 0 25 1 9 6 3 6 13 113 22 10 42 2 1 11 11 13 1 4 47 6 23 19 1 0 3 6 15 15 25 6 8 27 14 2 10 14 1 115 15 12 7 19 102 116 5 6 23 11 0 13 4 1 5 1 36 5 15 7 10 12 7 1 2 16 10 23 28 6 1 104 0 19 30 115 4 5 24 10 4 32 0 14 8 3 116 8 2 3 144 204
476 547
143 259
186 769
88 517
88 713
287 775
291 524
663 852
191 484
62 109
244 927
678 827
496 561
641 670
134 272
29 216
339 485
67 586
495 963
104 938
134 730
414 803
614 963
451 881
387 886
435 661
57 345
388 965
603 939
154 622
368 840
551 708
784 841
284 546
145 150
573 993
594 954
623 944
123 962
35 844
491 815
136 360
200 886
528 855
35 423
112 374
334 982
50 321
303 312
380 814
255 296
442 566
478 795
18 926
301 336
487 619
15 541
158 979
436 611
120 745
62 505
599 759
402 507
254 283
700 736
665 764
229 512
523 844
365 473
10 998
475 734
565 873
267 316
210 398
93 699
149 356
141 217
91 597
326 582
515 720
218 518
503 882
267 751
215 785
493 985
160 400
923 994
490 528
178 211
277 362
906 998
663 870
251 362
783 965
253 968
831 975
161 923
223 669
782 826
68 179
154 483
321 421
430 943
819 828
252 539
29 691
390 783
111 728
378 978
971 980
180 936
564 676
316 620
554 839
366 915
454 709
65 490
30 537
628 709
248 304
409 986
393 493
706 772
612 908
870 920
337 787
898 994
55 330
212 336
219 337
514 972
730 967
171 657
105 909
649 704
96 541
450 590
337 860
177 515
502 821
612 809
505 951
47 667
478 937
34 95
95 431
65 963
177 823
359 496
79 169
700 986
775 833
457 988
109 564
123 224
462 855
78 605
554 652
172 670
118 784
310 509
622 991
789 963
165 404
367 445
239 905
695 932
198 776
975 988
68 460
493 807
685 850
327 997
140 231
98 949
365 821
19 631
101 425
241 364
10 303
80 662
447 858
547 665
16 49
413 898
164 306
392 922
391 651
859 900
765 822
318 819
365 905
449 550
61 954
198 279
50 329
35 565
80 271
30 131
25 822
314 987
612 873
59 466
693 782
448 493
30 687
365 564
646 653
121 818
177 277
176 267
357 560
524 929
178 616
124 931
256 537
190 597
162 325
773 986
128 797
785 952
558 802
122 560
422 501
178 614
54 343
560 786
133 916
532 665
125 135
23 660
628 741
247 668
324 684
745 858
114 954
307 984
62 161
101 486
199 223
341 375
602 990
678 918
233 527
386 911
228 234
21 704
214 608
154 535
314 989
161 162
642 728
782 846
143 694
249 892
232 261
280 654
240 881
430 665
308 889
229 915
166 581
614 929
323 337
223 496
231 459
524 531
67 953
78 867
425 972
263 581
208 441
603 863
90 646
321 463
846 898
12 506
495 496
193 355
815 996
674 731
8 487
190 375
907 952
82 196
579 603
88 371
557 640
387 446
137 626
88 950
150 535
362 679
435 697
427 449
658 750
444 729
126 254
559 803
317 434
347 726
656 926
242 333
318 451
17 592
182 294
317 571
738 872
289 584
362 845
191 951
22 340
163 251
754 776
618 903
468 840
346 395
476 646
69 497
70 477
892 930
650 714
353 995
332 476
431 848
277 860
445 451
442 528
330 385
855 932
184 235
351 591
240 419
661 931
590 743
344 689
272 387
292 564
453 496
551 740
249 369
647 758
725 776
362 575
604 949
6 360
163 631
11 148
566 905
66 150
574 866
561 834
477 741
386 948
237 820
338 360
469 489
28 395
92 626
194 653
552 867
386 953
486 843
463 520
563 621
336 949
474 830
723 883
153 860
40 610
16 575
320 759
569 808
204 998
280 929
1 422
313 755
475 699
607 736
100 550
302 383
277 661
625 871
235 562
382 446
226 884
253 420
780 925
3 903
361 568
895 998
66 759
708 852
567 989
377 585
110 556
351 365
510 943
305 549
280 857
324 577
139 300
329 815
691 762
95 597
15 619
123 434
480 878
246 815
853 884
333 622
205 905
38 989
854 917
146 932
99 795
158 541
113 263
300 814
403 576
507 717
156 941
336 528
830 918
11 411
511 756
223 286
107 862
112 251
789 961
569 608
761 958
358 959
376 525
582 876
243 563
290 304
398 756
539 647
455 522
40 975
370 990
623 966
400 795
98 107
116 716
342 667
320 638
266 813
162 820
520 818
34 221
406 923
57 935
544 889
67 197
680 831
93 491
56 739
14 87
512 737
166 619
406 607
732 876
344 826
309 313
738 837
110 216
216 567
735 736
115 439
444 697
212 876
389 792
727 733
345 882
137 549
544 926
338 580
610 611
63 545
594 638
129 718
55 476
16 25
108 509
67 675
251 550
6 358
971 996
218 690
82 996
311 793
536 769
227 767
82 603
19 634
383 993
361 612
203 238
207 699
783 969
181 914
229 638
95 979
369 654
519 539
25 286
377 948
34 620
302 793
561 731
604 710
814 917
241 363
514 635
241 621
171 180
787 977
861 948
782 876
157 630
469 931
37 381
504 794
113 624
425 613
172 476
634 910
213 262
37 199
409 810
118 973
73 309
528 986
350 656
279 883
669 999
298 333
321 423
179 216
46 719
299 813
564 670
591 637
754 795
426 912
547 702
901 997
26 760
201 413
662 781
375 900
383 729
47 482
316 854
80 139
134 1000
43 242
529 800
633 660
721 875
645 748
331 755
367 595
203 987
208 489
428 835
112 511
403 951
228 508
165 287
13 541
165 842
234 918
31 547
86 777
726 849
490 970
186 207
81 284
73 714
232 982
1 842
696 938
744 812
437 805
39 493
103 137
106 154
284 669
765 872
242 999
391 628
294 966
973 997
195 456
160 555
381 769
331 832
478 933
5 378
487 792
225 707
124 793
301 928
254 678
681 810
433 737
134 886
115 296
109 134
398 445
595 920
216 1000
612 867
509 979
582 638
48 786
203 719
559 903
374 783
281 963
19 895
508 801
607 680
15 117
80 578
81 419
626 803
522 561
92 256
24 71
344 462
462 687
396 536
38 50
144 753
191 755
346 362
176 757
137 289
242 263
236 457
320 936
598 733
253 768
631 866
612 927
38 987
692 810
46 583
255 433
37 778
97 772
419 900
686 878
489 610
276 386
153 561
475 486
634 877
413 709
108 961
480 782
517 608
11 390
22 931
52 416
542 743
273 927
357 624
286 665
24 297
180 887
722 929
423 476
19 187
318 564
486 754
11 145
450 661
528 644
387 958
23 490
17 392
511 556
12 469
223 855
188 307
481 692
34 258
761 799
403 868
199 393
28 756
171 909
153 500
267 345
93 916
70 247
109 685
47 477
438 952
37 649
273 745
310 487
335 984
360 832
704 959
223 684
469 741
110 693
162 228
48 526
24 84
163 383
190 727
441 563
319 987
242 412
91 983
694 934
204 784
366 607
184 296
558 673
714 883
201 747
366 563
147 841
37 231
121 612
176 955
38 210
100 818
516 840
541 813
91 815
512 720
314 446
223 688
91 428
521 897
101 710
214 271
152 275
513 728
138 330
290 818
775 895
41 43
627 826
331 922
273 755
79 985
217 666
198 688
784 945
278 704
10 722
590 952
153 222
675 737
85 607
137 863
608 781
198 225
524 685
39 128
2 391
555 589
15 938
422 921
257 284
112 262
594 877
26 294
213 829
21 884
104 577
365 586
257 888
945 974
713 739
76 254
135 564
654 888
546 774
600 748
340 392
472 815
185 980
152 724
17 55
209 358
169 795
4 971
225 453
611 839
94 110
23 116
171 615
189 596
341 388
340 376
774 889
786 924
676 995
565 635
489 732
872 995
599 886
19 113
72 464
561 809
453 717
143 664
467 956
511 640
361 716
35 235
403 768
126 576
252 499
769 969
792 855
824 871
566 692
786 800
192 834
267 699
242 247
182 302
48 72
461 822
687 912
217 644
61 466
456 837
110 880
465 878
288 448
405 916
695 740
545 956
286 806
343 750
53 132
52 289
28 374
249 295
754 929
192 946
95 422
210 267
412 565
240 948
103 122
568 887
54 200
551 638
249 948
785 800
126 415
214 418
860 942
58 843
409 870
16 513
210 849
378 447
812 891
386 591
44 930
540 826
335 359
255 801
341 454
486 869
144 271
509 642
746 925
552 811
99 565
186 609
72 337
46 397
541 832
36 478
50 253
375 724
10 289
231 944
81 474
477 519
82 279
543 963
581 637
430 876
428 848
75 849
730 930
357 744
486 666
745 907
369 419
257 293
885 969
1 933
45 160
527 566
680 846
60 696
380 499
213 588
446 970
69 358
400 638
2 476
177 504
173 905
517 863
459 650
268 969
694 913
386 879
633 940
251 741
120 193
497 809
326 456
302 679
310 663
122 743
129 420
594 691
268 992
165 728
13 234
53 940
269 857
280 661
266 399
236 834
177 256
59 300
361 786
470 628
140 692
60 970
540 708
477 491
135 997
26 648
587 945
89 835
532 987
142 679
30 691
651 833
307 362
427 826
689 713
92 146
269 577
381 934
576 781
411 942
985 993
41 281
466 678
350 560
493 904
570 608
248 273
600 732
506 536
20 365
85 589
494 768
692 896
549 567
18 697
218 446
459 921
536 676
575 634
719 846
807 937
484 794
275 957
43 433
597 865
172 281
16 451
513 633
24 733
257 949
