1000 1000
24 97 26 21 20 56 2 32 34 19 10 5 30 18 24 9 74 0 1 12 29 0 5 18 7 1 58 4 7 3 25 4 2 10 2 14 27 17 5 47 14 12 4 21 14 2 10 51 67 1 13 12 2 7 36 42 6 5 10 11 15 0 623069546 9 10 19 8 80 0 24 38 41 3 24 19 0 86 23 21 3 3 1 2 23 4 24 43 21 59 36 10 20 10 8 0 3 8 2 3 6 1 1 4 12 1 14 31 20 10 10 10 19 10 13 2 77 10 23 72 5 4 60 23 20 61 1 3 25 17 21 4 1 17 20 9 44 64 13 43 3 24 26 4 17 58 3 7 30 4 1 4 1 10 45 6 29 24 0 64 6 55 34 12 32 4 68 0 7 10 34 49 68 14 9 8 30 65 31 22 1 5 25 10 13 4 8 3 23 1 32 3 31 3 11 3 32 46 12 46 2 5 25 17 70 7 1 28 13 28 32 49 99 61 27 22 70 11 46 75 3 55 17 25 0 7 76 48 0 758686601 2 6 0 4 0 3 13 33 14 12 10 24 55 0 4 20 17 49 5 7 17 24 4 25 4 2 24 2 36 12 6 5 2 74 7 54 12 5 30 24 4 44 81 3 14 38 26 77 0 51 0 9 5 6 4 41 5 6 49 6 42 17 7 7 3 67 8 3 27 1 2 7 4 8 26 12 54 27 75 1 45 5 27 17 1 18 25 13 13 6 5 0 7 30 20 26 7 1 3 22 11 13 6 0 16 24 35 8 0 33 26 64 0 47 10 0 43 16 46 5 24 21 62 30 39 19 1 48 22 18 49 0 8 4 12 16 33 7 9 31 8 6 14 42 37 81 8 10 39 76 55 3 15 42 1 90 1 16 58 2 18 12 91 31 4 43 7 9 5 21 9 5 2 48 13 20 50 30 75 30 3 4 1 16 25 14 17 18 6 3 9 4 9 4 31 8 42 0 10 5 3 57 8 18 17 5 22 5 3 50 96 10 3 43 7 0 75 4 38 12 6 34 13 9 20 12 16 51 44 7 3 21 6 3 4 42 30 11 10 29 20 40 7 1 55 11 22 22 10 5 23 0 37 15 0 17 28 44 14 18 11 9 0 13 4 6 17 62 104 87 28 3 6 72 5 6 7 12 12 4 1 1 47 34 34 0 3 11 24 23 34 0 9 4 11 0 0 18 6 9 30 45 8 5 26 18 62 98 6 18 81 15 23 4 24 34 15 11 9 1 62 69 4 11 7 31 40 10 3 15 59 16 24 2 0 17 7 10 23 23 11 59 41 13 19 12 60 16 33 20 40 20 1 31 54 13 1 6 18 5 26 4 10 9 69 39 23 1 6 40 12 48 57 12 45 0 5 5 24 19 1 19 34 16 12 5 5 78 2 21 3 0 12 9 95 3 44 29 16 22 28 4 19 40 2 40 30 1 27 2 14 18 23 11 48 9 22 8 39 27 40 15 5 16 15 1 24 0 0 106 15 28 17 6 38 14 9 16 17 2 6 3 21 1 11 6 25 30 3 84 3 26 6 52 62 8 22 59 1 59 12 1 48 32 11 2 83 21 12 22 2 26 22 4 47 52 53 4 11 2 1 9 21211310 29 18 39 74 1 25 39 2 5 0 30 10 4 4 15 9 56 1 18 10 4 2 25 49 7 1 19 483244167 3 5 2 80 17 28 16 38 111 12 0 7 2 8 46 2 12 15 8 10 25 40 36 1 4 20 1 90 3 2 21 12 5 6 2 8 12 17 0 4 2 0 37 15 43 7 17 20 56 47 19 16 35 6 17 9 13 6 20 11 2 14 37 7 24 23 8 4 15 94 12 4 26 40 23 22 0 5 4 1 48 0 13 0 655436650 7 7 35 67 65 20 8 3 55 8 25 8 37 7 19 52 18 20 27 19 16 34 8 0 9 13 8 17 3 454262249 18 23 21 1 32 6 27 38 1 62 6 17 0 4 6 14 9 9 32 5 28 11 33 99 52 0 21 5 19 0 11 6 49 50 15 6 8 8 1 2 82 46 5 56 4 38 8 6 47 25 7 4 4 21 31 3 12 24 1 30 10 16 37 11 24 7 30 46 1 2 1 37 42 17 24 4 19 15 28 9 26 2 9 35 0 32 10 3 22 16 4 9 3 9 6 3 1 46 21 68 26 11 6 3 44 20 5 9 6 13 13 5 6 17 1 0 1 1 2 37 2 74 8 54 28 41 1 51 6 16 77 2 1 33 8 53 11 27 60 3 8 19 2 26 7
570 812
255 873
986 987
214 841
552 845
271 518
127 703
153 990
502 562
342 447
31 149
510 750
297 519
70 255
378 587
10 299
378 554
706 828
206 554
88 604
54 67
462 905
821 830
349 741
275 721
279 327
403 820
539 609
459 854
664 962
570 959
55 878
850 876
46 69
446 599
66 526
44 695
355 414
161 836
31 896
137 164
703 872
43 65
579 868
249 641
208 913
868 976
133 226
23 513
410 961
483 968
77 866
176 388
115 785
230 455
638 844
365 764
247 702
252 828
655 872
245 708
195 733
560 571
577 689
473 612
536 609
177 850
3 890
354 641
289 915
640 855
233 754
226 676
291 663
249 877
478 859
128 299
538 911
746 812
684 863
134 684
702 926
359 521
44 379
493 619
509 715
219 404
533 646
186 859
516 518
320 636
584 691
88 662
762 901
16 843
373 649
170 823
20 202
261 984
5 97
428 576
767 962
70 897
197 935
614 864
231 236
519 759
495 894
91 441
351 750
186 295
542 918
104 242
521 908
871 909
565 821
120 277
466 638
5 722
403 535
586 912
206 666
121 573
528 914
22 770
54 915
667 794
79 715
183 657
47 720
152 332
234 384
59 341
527 929
670 927
633 889
913 956
77 826
395 542
239 683
524 583
24 475
593 621
48 875
680 745
189 217
417 940
807 866
249 538
374 392
169 478
613 748
184 304
57 777
740 965
94 960
842 931
438 851
147 956
28 433
164 324
30 126
697 857
265 924
176 183
784 929
655 775
294 974
2 471
362 900
661 951
25 462
182 608
643 709
350 420
205 302
347 611
254 984
368 895
386 663
872 912
399 621
45 404
128 868
14 611
420 644
312 813
651 893
644 954
653 949
65 319
535 895
109 940
205 379
858 999
927 969
476 573
392 785
146 641
666 932
497 675
363 371
246 373
103 208
491 880
182 555
37 922
344 982
381 565
38 838
148 796
67 760
618 767
16 153
163 675
492 786
211 959
505 632
605 785
191 634
186 931
140 995
127 583
170 754
156 789
169 688
870 876
68 983
194 583
360 716
482 934
159 484
99 306
332 580
200 948
273 736
393 651
291 861
378 526
191 766
622 973
470 780
108 440
718 845
195 926
249 413
630 825
6 883
467 619
482 841
191 724
614 787
415 769
451 520
8 212
234 348
91 785
240 721
167 873
570 869
581 931
548 997
289 667
307 584
424 928
380 494
211 485
690 925
810 987
559 623
87 357
73 288
413 503
161 264
80 471
226 974
10 308
147 507
353 925
12 365
488 991
866 946
519 684
535 832
281 326
621 751
814 936
297 737
344 761
429 614
106 556
360 867
637 799
113 948
347 934
783 845
462 571
513 876
267 964
152 834
81 131
172 856
625 841
62 342
149 169
12 648
51 402
296 745
109 863
732 1000
136 928
211 562
586 684
8 985
14 974
52 408
128 677
626 999
656 925
734 846
51 827
406 941
419 490
42 373
668 803
414 417
64 591
376 943
447 894
599 961
60 240
870 929
151 570
88 728
377 488
562 979
317 602
336 850
224 897
897 972
860 961
666 983
76 773
340 402
35 806
265 580
84 791
196 973
113 363
261 942
129 615
693 750
213 942
310 641
132 632
760 890
182 394
39 955
350 532
79 428
89 811
331 470
317 552
400 695
26 749
250 696
46 351
138 829
425 650
346 592
65 346
9 542
431 950
43 669
679 978
434 695
131 574
266 840
437 917
658 940
507 886
25 143
77 160
241 721
68 625
327 571
39 614
191 228
261 666
281 368
468 539
199 759
167 427
463 959
53 932
39 515
202 229
883 896
230 758
433 604
431 894
137 346
306 476
393 784
424 888
377 876
646 869
185 979
243 755
788 823
678 718
600 631
569 779
188 379
351 524
663 740
335 406
414 757
119 430
426 678
365 386
592 826
495 986
38 726
527 557
420 913
66 349
97 614
707 776
235 903
327 806
749 961
618 696
628 798
747 932
102 136
272 435
27 163
258 461
834 891
242 291
388 795
521 638
344 551
129 776
40 650
54 447
659 957
687 834
74 626
125 324
287 988
4 340
196 490
497 919
764 867
9 138
190 707
407 905
364 973
721 995
351 357
420 423
359 782
324 407
155 372
514 982
142 974
72 605
248 899
39 170
163 322
624 937
48 518
135 896
309 353
62 508
528 727
820 922
128 645
326 787
73 737
1 352
336 637
156 493
479 682
272 768
534 594
450 925
401 701
598 673
88 705
16 845
121 853
336 942
432 860
493 673
251 415
347 940
235 848
256 310
229 580
191 995
522 908
669 753
177 894
204 235
189 477
540 935
107 147
371 480
236 912
57 62
284 771
439 976
625 736
201 334
746 998
335 833
550 987
45 313
23 689
450 788
78 791
283 549
398 537
580 836
575 618
146 644
11 767
191 950
368 440
292 693
209 720
356 838
89 606
275 716
556 847
319 580
202 427
211 325
39 297
372 550
666 803
65 362
432 441
873 982
98 508
229 551
347 829
452 590
36 196
52 298
114 724
370 902
74 123
84 540
44 580
413 424
443 808
180 675
505 964
254 837
140 539
694 716
2 78
590 906
186 926
736 789
504 894
373 887
510 959
249 335
204 260
544 760
79 522
375 421
159 270
99 196
670 772
36 115
236 946
444 664
402 902
99 103
698 852
797 835
626 786
791 975
150 339
411 582
678 918
30 75
232 451
242 813
182 820
47 490
824 881
375 779
195 937
355 976
295 678
650 783
63 245
564 718
44 463
538 727
417 863
612 805
114 836
248 456
236 532
469 515
550 800
182 399
451 934
115 651
734 926
865 941
760 934
65 976
342 699
46 775
267 719
476 794
682 793
434 801
563 776
251 613
218 223
86 146
333 376
855 958
63 83
795 891
343 499
379 962
56 908
190 986
438 740
636 977
349 421
84 733
389 926
679 866
533 675
313 921
375 945
310 819
631 902
244 257
182 345
522 791
59 1000
165 342
455 501
213 853
113 451
249 699
524 647
561 857
844 982
457 939
18 153
650 785
30 820
657 935
177 824
339 372
62 438
13 798
400 871
219 433
155 947
669 682
312 673
145 374
52 629
6 705
64 525
528 938
517 932
234 492
293 526
282 495
157 423
143 384
299 804
76 964
159 391
107 389
216 995
255 688
740 954
730 815
187 406
581 837
281 947
125 800
81 932
495 747
287 635
130 660
779 904
207 415
119 551
727 977
117 733
48 551
313 875
169 593
254 487
456 907
2 635
22 392
141 913
7 225
497 794
185 749
204 485
93 359
454 911
325 705
137 558
689 796
259 288
54 738
267 955
239 441
207 250
119 446
512 539
294 931
714 988
519 935
302 361
384 544
85 580
168 421
907 993
414 826
807 886
311 381
598 794
846 992
153 815
180 910
404 418
240 570
121 386
404 906
298 551
324 599
188 519
51 405
156 220
197 226
49 793
17 800
909 922
11 559
389 994
470 882
60 162
218 253
83 176
415 843
813 914
21 272
401 410
420 618
580 971
53 251
136 487
438 812
737 800
258 624
436 804
253 283
461 661
125 883
248 267
31 304
539 744
772 983
685 846
88 601
523 901
68 809
340 407
145 557
410 948
188 388
172 956
85 584
379 949
30 71
246 337
665 931
14 769
259 990
738 845
634 694
555 599
138 772
78 229
114 845
69 870
75 755
132 595
324 348
757 962
317 895
131 617
337 609
202 256
583 612
285 603
939 946
234 466
599 657
134 281
931 994
650 860
419 731
146 442
222 561
8 310
628 886
660 763
217 766
517 657
215 742
36 279
281 629
163 813
213 829
166 610
145 761
48 959
228 793
110 437
505 792
35 852
548 956
611 640
272 566
882 931
255 727
118 392
466 665
532 645
173 617
143 731
658 743
489 573
822 972
157 372
583 869
543 702
306 838
507 561
561 718
230 869
40 970
595 776
485 520
86 773
414 874
154 885
223 493
12 669
988 993
592 610
252 650
19 874
337 627
531 876
235 719
905 963
41 192
147 327
702 760
904 996
697 759
55 718
137 335
497 588
180 428
131 859
58 499
134 981
74 80
269 744
583 910
588 746
141 283
819 917
377 514
331 864
255 615
459 746
473 997
905 968
808 920
628 725
586 826
193 719
415 465
146 498
243 875
622 694
751 825
135 953
311 891
105 141
282 909
653 936
235 589
559 936
463 552
831 945
446 898
568 587
239 377
33 179
386 756
211 252
168 964
724 763
410 824
289 568
352 479
304 525
196 603
58 554
847 959
57 193
578 737
167 964
787 930
72 233
168 642
568 709
76 991
929 957
223 689
17 149
8 334
718 800
300 485
59 832
47 437
316 897
48 175
267 637
687 765
708 786
503 947
230 238
103 118
233 539
161 748
389 884
566 726
614 642
645 648
822 900
666 998
194 253
191 892
474 488
139 752
71 461
785 951
71 488
271 969
22 292
93 555
695 941
694 910
253 357
488 938
167 406
235 964
44 719
382 944
243 406
10 861
500 617
532 590
153 786
901 946
140 916
264 645
178 205
183 859
94 692
218 586
306 660
