1000 1000
2 1 5 117 0 8 101 7 3 14 8 8 2 4 5 2 11 3 100 0 0 18 102 0 4 8 2 12 3 20 100 0 2 7 3 113 10 0 30 11 11 1 24 3 102 2 102 7 7 0 0 18 18 105 23 6 1 12 133 6 8 1 6 2 25 0 5 7 18 2 7 15 37 3 8 11 3 6 3 36 8 15 4 1 14 15 4 0 3 9 9 1 1 20 0 1 23 6 12 15 0 53 6 0 8 2 4 3 0 0 8 0 1 4 3 22 6 18 2 20 11 10 4 1 6 9 15 103 6 7 22 6 19 23 1 112 3 2 12 3 26 9 1 102 5 7 5 2 20 4 127 9 103 18 100 9 8 9 1 6 2 5 7 17 7 1 7 2 1 26 4 1 15 15 11 4 20 0 104 4 1 2 6 0 6 3 3 7 1 7 106 8 23 1 0 2 5 6 32 7 7 104 9 0 17 22 20 2 1 0 109 1 13 13 21 8 1 9 21 106 104 2 0 2 6 5 2 3 6 0 35 7 0 12 4 6 12 11 17 2 31 9 2 1 9 0 5 4 4 9 23 5 3 4 2 1 4 35 6 16 3 14 24 1 112 1 22 10 2 6 33 17 6 10 12 16 8 10 2 0 11 7 3 11 5 2 101 18 6 4 2 0 7 3 18 17 6 5 6 52 0 10 11 9 13 2 4 1 1 2 138 11 16 7 0 28 13 3 7 10 1 2 8 26 3 11 3 5 7 100 0 0 3 33 113 103 6 5 2 20 1 30 0 112 111 4 1 9 17 6 108 1 6 15 1 105 2 15 5 7 100 0 0 4 8 3 110 27 6 13 8 121 10 5 8 12 18 10 4 6 2 2 5 5 31 18 5 48 16 5 5 19 3 3 13 13 17 2 5 11 17 24 2 2 6 12 5 5 108 1 7 8 18 10 8 1 4 8 1 0 0 3 13 110 108 18 0 14 6 1 13 18 6 5 0 14 8 15 6 16 5 99 96 94 90 1 86 84 15 82 5 9 0 81 85 79 77 76 73 70 69 68 65 63 0 62 5 61 55 54 52 56 2 47 36 34 26 23 20 18 40 17 15 12 32 11 7 10 6 4 97 2 1 49 0 5 3 8 9 13 14 104 16 19 21 22 24 25 27 11 28 29 30 31 33 35 37 38 39 41 42 101 43 44 45 46 48 50 51 53 1 4 57 58 3 59 60 64 66 67 71 72 7 74 75 78 80 83 87 88 14 89 91 92 12 93 95 98 5 4 3 19 0 37 4 1 2 1 109 110 42 48 51 14 0 102 13 1 3 133 2 16 31 14 6 7 1 3 33 4 4 0 15 6 1 7 8 14 16 0 6 24 1 9 9 3 3 4 0 0 2 7 13 109 3 16 115 7 8 12 12 18 105 2 117 6 0 14 15 4 7 36 112 103 21 5 15 6 13 0 6 4 3 30 8 6 21 12 8 6 8 1 10 18 7 5 0 18 3 11 21 11 16 0 0 103 118 110 9 9 0 3 6 23 26 19 19 8 5 5 9 13 127 4 3 33 2 2 0 105 14 21 0 1 23 119 1 7 16 7 3 3 8 0 109 3 16 6 3 22 8 25 7 24 18 4 2 19 100 2 111 23 58 0 14 3 1 0 1 8 22 1 12 109 23 5 33 12 19 2 5 15 106 0 22 0 11 5 6 8 2 3 5 1 2 9 13 16 6 1 17 8 8 9 7 2 2 30 13 4 23 14 1 1 2 4 107 0 5 9 8 0 0 18 117 0 4 116 7 18 6 7 3 6 6 6 2 3 12 11 6 1 5 19 21 1 5 1 8 2 2 2 121 8 29 3 104 0 0 15 108 3 0 17 0 1 107 20 0 1 5 4 11 4 10 9 24 25 11 107 0 3 3 11 7 107 11 102 27 1 6 2 0 5 9 100 11 3 11 11 100 17 2 8 4 10 8 2 7 5 21 8 7 130 11 100 0 3 12 14 140 46 6 105 19 7 10 25 111 110 15 0 0 0 0 3 2 1 27 25 1 1 39 4 1 12 20 3 25 9 110 8 6 3 4 114 21 59 19 7 3 1 102 3 116 4 3 7 2 5 7 2 108 4 0 2 0 23 3 8 4 6 103 9 5 0 18 25 10 2 4 104 100 2 4 4 8 3 111 0 1 1 4 9 25 0 4 35 115 102 105 23 18 15 131 7 1 7 17 11 12 0 2 33 3 5 2 0 0 4 11 30 3 7 15 105 0 5 5 1 208 964
558 936
504 609
22 229
51 634
10 394
505 926
130 543
226 404
537 598
762 962
126 672
317 432
63 958
342 475
585 604
59 495
135 344
476 560
351 570
433 813
9 367
423 714
117 777
406 963
628 937
477 883
178 503
250 338
148 193
314 704
506 758
464 604
434 519
272 359
376 735
580 755
235 486
570 585
103 852
94 945
172 598
186 657
96 836
333 821
891 902
177 446
48 712
429 748
753 770
32 156
283 554
833 852
130 147
805 976
121 414
195 462
163 869
122 833
531 977
926 976
518 747
294 772
171 876
357 809
95 209
442 839
536 878
816 937
20 321
88 586
39 468
191 832
457 894
800 832
228 458
317 470
74 420
685 707
393 848
110 475
81 188
527 690
356 546
80 878
829 918
144 418
131 209
295 948
714 880
848 938
326 364
146 383
283 703
729 981
462 985
225 630
506 867
226 844
411 940
439 883
11 127
275 957
69 467
98 918
566 691
324 380
344 729
490 724
168 655
556 845
413 953
58 214
169 967
252 504
462 670
19 261
770 808
135 918
817 997
630 933
585 756
30 531
727 781
152 761
478 534
806 963
831 869
382 757
778 977
479 713
263 843
413 897
276 293
158 697
501 505
174 559
100 565
211 503
263 558
173 819
575 749
309 471
59 607
575 599
571 711
354 904
736 980
466 646
288 364
711 809
379 864
703 894
716 861
538 779
174 419
83 480
257 735
182 836
281 916
64 650
437 889
605 674
605 739
86 88
663 702
142 627
419 796
181 398
594 642
333 491
833 920
746 812
445 904
117 275
418 715
167 266
512 868
481 827
392 399
160 878
253 296
474 651
325 368
118 178
610 844
6 497
76 358
637 661
268 534
339 845
709 723
637 806
325 841
29 906
891 965
436 903
9 15
538 858
269 366
183 868
193 943
620 861
268 945
50 146
111 585
25 744
34 534
261 536
235 902
604 978
176 612
42 702
447 485
549 899
52 964
717 830
755 780
490 994
409 506
549 757
161 344
93 819
367 642
166 523
317 543
944 954
266 298
479 940
654 750
198 255
209 489
142 577
417 657
27 689
443 970
78 623
40 445
270 901
775 984
20 319
81 723
209 897
833 844
90 152
313 385
673 891
36 888
268 376
562 739
213 669
95 320
35 570
727 846
71 151
585 784
446 605
214 275
307 364
572 698
775 956
334 604
40 435
423 927
12 589
7 703
217 405
450 597
381 823
52 710
682 886
166 490
48 769
307 532
91 152
495 617
180 683
411 488
81 331
111 826
3 935
41 50
322 450
299 711
241 267
58 252
973 983
353 412
516 617
297 339
169 370
110 344
96 828
80 540
11 206
67 673
205 574
205 206
157 382
539 714
98 739
526 932
424 511
7 618
421 981
482 951
263 354
34 311
640 729
517 912
324 772
123 703
337 744
242 663
139 518
437 604
398 957
506 907
168 557
427 748
191 263
399 943
54 987
736 960
340 524
16 515
538 672
493 515
579 973
188 579
113 286
324 357
198 689
91 107
601 798
167 936
251 802
56 382
393 888
112 768
88 255
67 104
499 862
87 594
25 172
65 769
484 639
635 737
577 851
272 509
379 420
439 875
723 766
426 612
630 959
779 812
178 552
506 940
516 993
201 509
322 719
40 464
2 849
146 665
281 640
119 612
487 562
593 693
705 840
55 727
60 872
70 997
309 831
311 870
106 389
97 188
736 966
513 531
100 880
593 926
282 937
279 676
466 605
374 919
130 973
712 853
277 623
552 693
397 493
300 939
372 868
602 664
244 947
555 736
419 996
794 906
213 799
711 928
395 820
842 973
636 952
614 632
357 458
65 268
268 586
556 660
300 569
332 940
478 703
237 581
271 450
378 504
87 721
515 855
297 685
891 993
180 898
628 664
563 596
41 946
318 811
347 838
5 718
82 112
410 963
621 632
57 116
449 742
764 875
159 281
305 952
302 308
284 774
93 853
76 136
549 683
98 272
62 900
478 927
342 737
442 772
705 935
137 367
770 808
673 817
13 289
140 453
167 342
389 879
372 936
492 658
486 525
413 590
211 374
37 127
265 414
234 428
337 824
223 352
237 796
662 789
107 994
424 729
5 249
291 986
248 968
584 983
721 748
236 414
156 781
537 809
107 630
491 662
519 813
191 866
797 894
475 940
92 372
35 308
342 955
374 383
9 349
511 620
73 595
303 845
442 815
666 736
556 634
21 745
131 480
304 662
412 558
293 855
157 658
239 486
282 937
452 705
663 968
99 480
31 316
23 560
502 849
138 449
675 811
561 633
400 504
236 551
377 649
248 308
708 733
566 906
261 608
67 77
736 827
491 971
103 516
561 934
335 727
230 790
408 920
83 497
418 939
376 657
292 953
842 925
163 650
114 355
622 966
383 489
54 202
104 108
300 572
167 407
552 777
378 934
269 507
600 613
451 460
481 516
163 554
172 297
319 654
79 866
598 816
25 196
540 605
12 949
125 550
52 904
246 695
3 22
784 913
492 993
21 547
303 898
724 895
1 62
92 211
300 661
274 917
129 426
63 330
348 498
64 284
338 856
471 846
115 586
242 531
223 479
581 812
835 966
292 905
280 409
566 674
98 748
313 599
455 543
174 670
158 574
318 366
159 373
37 906
16 345
208 571
628 763
291 642
600 999
131 251
346 887
39 960
375 680
252 616
245 704
518 873
395 901
813 824
63 391
490 873
374 949
20 638
348 398
486 687
619 886
246 368
476 836
82 248
46 94
816 976
886 958
45 821
295 609
10 900
35 520
304 345
667 869
670 773
864 898
222 516
320 674
445 469
788 830
315 552
109 196
199 472
936 965
244 964
352 989
57 219
676 791
151 842
396 503
710 916
261 543
209 345
815 893
393 963
263 451
131 926
685 860
100 470
777 939
158 659
145 514
643 938
446 949
778 949
303 369
296 567
435 516
185 751
203 869
106 786
467 680
497 795
332 959
447 471
408 510
108 316
49 379
802 951
1 867
289 317
218 276
238 541
408 787
138 959
439 840
282 893
688 706
502 753
911 927
284 611
441 972
252 398
199 372
36 187
110 691
48 976
462 883
296 489
511 895
499 513
122 649
97 288
343 694
97 910
299 371
728 966
627 838
268 782
78 662
390 646
31 589
122 716
501 767
45 245
758 856
471 589
444 795
320 888
504 989
303 687
723 756
339 707
341 774
385 451
943 980
24 83
290 363
332 669
211 738
132 806
542 688
292 477
458 477
401 699
397 867
74 909
204 768
28 86
140 843
257 688
226 566
35 756
87 391
310 883
271 572
488 649
749 879
152 398
883 978
286 524
306 956
546 790
176 315
120 544
183 351
404 557
150 730
390 692
517 990
267 307
437 755
299 354
483 790
848 923
963 979
414 609
607 996
184 326
659 956
518 628
423 848
58 333
417 799
823 990
800 883
314 572
202 289
138 188
635 726
914 935
372 747
646 805
435 560
305 510
266 481
10 455
269 446
712 976
181 539
373 440
283 664
518 731
123 546
332 982
471 810
124 790
39 384
420 427
201 492
46 776
146 783
214 581
658 776
185 742
632 821
151 204
256 668
602 718
105 524
61 852
365 968
510 699
10 758
535 997
575 717
344 656
67 781
378 683
221 631
459 790
344 464
94 626
822 871
67 277
552 894
728 768
313 580
444 826
429 632
35 103
174 929
407 995
298 315
30 703
136 479
143 779
509 964
260 850
205 666
849 940
63 559
298 989
559 982
28 64
445 787
110 144
874 897
100 930
419 799
146 820
159 978
219 259
479 883
190 946
75 696
854 963
268 490
112 920
176 812
591 759
248 404
918 919
39 770
376 856
741 917
583 674
787 890
168 967
37 671
394 498
725 936
222 486
236 727
148 259
111 228
236 517
75 234
489 520
133 993
247 423
500 618
171 602
112 387
44 379
472 924
590 698
928 945
437 780
253 920
757 877
125 695
500 628
306 813
599 607
262 390
751 925
202 269
504 796
291 545
130 496
160 429
640 981
188 477
63 295
272 834
539 796
414 630
214 897
107 124
331 511
620 794
796 910
57 624
813 831
250 914
370 604
271 538
400 527
283 920
570 868
164 640
138 919
599 721
58 650
488 730
420 920
130 181
490 510
198 778
307 440
488 618
55 825
224 418
103 118
257 884
278 456
56 137
288 943
132 665
809 891
210 337
112 116
29 921
178 966
652 851
110 431
747 910
184 826
696 850
48 155
378 975
375 447
156 192
23 464
102 748
309 444
832 906
965 971
526 945
102 125
590 727
508 746
662 774
35 700
397 430
120 339
261 955
628 796
234 446
509 949
216 384
384 695
147 872
67 927
531 833
368 743
149 889
566 731
352 399
408 651
436 814
130 742
655 748
295 794
394 544
278 706
180 347
413 639
554 782
833 893
158 828
29 282
20 751
34 209
521 751
183 696
29 617
68 180
708 871
371 661
91 888
558 578
309 883
332 438
517 563
155 985
643 933
491 635
459 909
177 722
102 606
414 611
439 683
148 442
360 818
177 667
521 843
310 628
