100 100
20 2 1 44 39 15 23 37 25 33 13 14 16 42 26 35 12 32 5 19 11 4 45 24 30 3 27 41 7 10 9 31 48 28 6 21 18 17 8 22 43 29 50 38 36 49 47 40 34 46 55 53 66 72 98 51 71 74 62 54 81 69 91 84 52 65 76 87 94 61 80 99 83 88 63 97 100 75 85 82 92 86 64 67 70 60 56 57 77 58 79 89 90 78 96 68 73 59 93 95
1 2 25
1 2 15
0 2 100
0 70 100
1 74 100
1 82 92
1 90 99
1 61 77
0 66 100
0 28 33
1 10 23
1 11 84
0 52 100
0 31 91
1 1 37
0 42 65
0 71 80
1 78 90
1 42 57
0 11 20
1 79 82
1 99 100
0 14 95
1 22 49
0 7 14
0 94 100
0 47 72
0 8 26
0 8 86
0 57 80
1 3 41
1 50 72
1 26 92
0 37 48
0 31 62
1 8 45
1 24 68
0 46 46
0 20 98
0 78 83
0 20 55
0 59 79
0 30 82
1 16 62
1 22 36
1 6 26
1 22 37
0 18 57
1 28 42
1 45 52
0 38 90
1 5 24
1 7 9
1 21 84
1 36 42
1 16 98
0 35 93
1 26 93
0 75 98
0 39 49
0 39 44
1 7 64
1 46 95
1 55 78
0 31 91
1 14 34
0 59 95
0 28 95
1 5 16
0 22 42
1 48 66
0 6 83
0 41 56
0 43 96
0 13 36
1 29 94
0 46 94
0 32 94
0 1 51
1 54 87
0 59 92
1 49 97
0 59 95
0 38 54
0 44 95
1 21 74
0 3 28
1 91 96
0 61 83
0 12 16
1 73 89
1 59 74
0 16 25
0 30 96
0 19 31
1 11 75
0 18 41
0 13 77
1 10 84
0 18 92
29
