100 100
46 2 24 25 18 43 19 38 9 6 7 30 16 33 32 47 22 1 14 5 45 23 50 48 40 3 26 21 20 39 29 34 42 17 11 4 12 31 49 8 28 10 44 36 35 37 13 15 41 27 95 55 76 84 63 70 83 89 94 65 100 54 69 86 53 71 57 77 68 81 58 56 64 51 88 74 79 82 52 61 73 96 92 72 78 97 66 60 87 90 93 98 80 91 99 75 85 67 59 62
0 50 98
0 11 88
1 32 83
1 26 50
1 31 37
0 77 97
1 76 95
0 8 74
0 80 87
0 43 48
1 19 49
0 4 49
1 42 99
1 6 86
1 3 39
0 68 80
1 3 88
0 33 52
0 45 57
1 19 89
0 4 77
1 61 78
1 7 38
0 36 80
1 6 70
0 5 22
1 55 83
1 26 33
1 17 22
1 20 99
1 93 94
0 15 68
0 42 54
1 62 67
0 7 94
1 40 56
1 60 87
0 64 77
1 68 93
1 40 81
1 23 39
1 19 90
0 22 46
1 25 99
1 22 38
1 13 67
0 16 93
1 70 91
1 7 84
0 71 83
0 13 89
1 76 81
1 29 65
0 62 91
1 44 68
0 61 72
0 12 52
0 43 48
1 28 77
0 32 97
0 60 85
0 6 52
1 41 56
1 26 39
1 21 57
1 65 79
0 79 90
1 75 77
1 20 100
1 15 76
1 68 74
1 41 92
0 22 74
0 13 37
0 62 88
1 28 61
0 49 80
0 35 89
1 41 97
0 7 41
0 38 67
1 23 40
1 57 73
0 59 74
1 46 50
1 28 32
0 30 70
1 74 86
1 19 27
0 1 67
1 33 49
0 85 100
1 15 31
0 37 83
1 64 94
0 5 51
0 53 95
1 15 66
0 21 49
0 29 60
57
