5
20 19
0 0 1 0 0 1 1 1 1 0 1 1 1 0 0 1 0 1 1 0 
4 3 6 14 15 
3 4 9 12 
2 11 13 
2 10 20 
2 5 16 
1 2 
4 2 13 14 18 
2 1 19 
3 4 7 9 
3 7 10 16 
2 11 17 
1 19 
3 8 17 18 
2 1 20 
0 
1 3 
2 8 15 
1 12 
2 5 6 
20 19
1 1 0 1 0 0 0 1 1 0 0 0 1 1 0 0 1 1 0 0 
1 19 
1 16 
2 7 18 
4 1 3 13 15 
2 17 20 
3 3 14 16 
1 18 
2 6 12 
3 4 9 11 
0 
2 2 12 
4 2 6 7 20 
3 4 5 8 
4 5 10 15 17 
2 9 10 
1 11 
2 1 19 
1 14 
2 8 13 
20 19
0 1 1 0 0 1 1 1 1 1 0 1 1 0 1 1 1 1 0 1 
2 4 13 
4 6 15 17 20 
3 2 9 10 
1 18 
1 19 
4 4 9 10 16 
2 7 14 
1 13 
2 11 18 
3 2 12 15 
1 11 
3 3 12 20 
0 
1 19 
3 1 8 14 
4 3 5 8 16 
1 17 
3 5 6 7 
1 1 
20 19
1 0 0 1 1 1 1 0 0 0 0 0 1 1 1 1 0 1 1 1 
1 4 
4 5 10 15 18 
2 3 9 
0 
6 6 8 9 14 15 18 
1 4 
3 2 17 20 
4 2 6 16 20 
2 1 11 
2 1 12 
2 8 17 
2 12 13 
3 7 13 19 
4 5 7 10 16 
0 
0 
1 11 
1 3 
2 14 19 
20 19
1 1 1 1 1 0 1 1 0 1 0 1 1 1 0 0 1 0 0 1 
3 6 18 19 
1 3 
1 7 
4 2 10 18 19 
0 
5 2 8 9 11 16 
0 
4 5 9 11 15 
1 6 
1 12 
2 7 20 
3 12 14 16 
2 4 14 
1 17 
0 
1 13 
0 
8 1 3 5 8 10 13 15 20 
3 1 4 17 
