5
20 19
1 1 0 1 1 1 1 1 0 1 1 1 1 0 0 1 1 1 1 0 
4 8 9 17 18 
3 3 9 19 
3 10 13 15 
2 3 15 
0 
5 1 6 16 19 20 
2 4 5 
2 14 20 
4 4 10 11 12 
1 7 
2 2 6 
2 7 16 
0 
1 2 
2 5 14 
1 11 
2 8 17 
3 1 12 13 
1 18 
20 19
0 1 0 0 0 1 0 1 0 0 1 0 1 0 0 1 0 0 1 1 
0 
4 1 5 6 13 
3 9 13 16 
7 1 2 7 8 12 14 20 
0 
0 
2 6 15 
2 18 20 
3 9 11 17 
3 4 8 19 
3 4 7 14 
0 
0 
2 3 11 
0 
1 10 
4 2 5 15 19 
3 10 16 18 
3 3 12 17 
20 19
1 1 1 0 1 0 1 0 1 1 0 0 0 0 0 0 1 0 1 0 
1 19 
2 1 4 
2 8 15 
0 
3 1 15 20 
2 7 16 
2 11 14 
1 3 
1 9 
2 5 17 
3 2 6 17 
3 5 12 20 
3 4 8 16 
4 3 7 10 18 
2 13 14 
1 12 
2 10 19 
4 2 6 11 13 
2 9 18 
20 19
0 0 0 1 1 0 0 1 0 0 1 1 1 1 0 0 0 1 0 1 
1 15 
1 1 
4 10 11 12 18 
2 2 16 
3 4 10 13 
4 1 7 12 14 
0 
2 11 19 
1 9 
1 5 
3 3 14 18 
4 4 7 19 20 
0 
1 20 
1 5 
3 3 8 9 
3 8 16 17 
3 6 15 17 
3 2 6 13 
20 19
0 0 0 0 1 1 1 1 0 0 0 0 1 1 1 1 0 1 1 0 
1 12 
4 3 4 8 17 
3 14 19 20 
2 10 13 
0 
2 1 13 
5 2 6 7 9 18 
2 7 16 
0 
3 2 3 5 
1 11 
0 
1 6 
2 15 18 
5 8 14 15 16 19 
1 12 
3 1 11 17 
0 
5 4 5 9 10 20 
