1000
-796 -683
-473 -434
115 -84
-236 528
-977 -55
-102 -771
798 699
-328 854
682 -653
-595 -641
470 -410
651 -589
709 -64
475 901
855 524
-847 698
677 -815
-463 -267
207 303
-878 -334
-188 -389
131 423
-126 326
347 -1000
-209 -59
949 -517
247 -195
972 -597
-298 685
211 -832
888 -319
-887 607
879 -973
-710 606
374 500
-743 475
980 -804
-419 414
-622 -401
-695 -421
848 641
625 -756
-59 -838
394 191
182 -643
-975 -484
-791 -74
-33 746
-182 402
603 -302
-802 -588
720 -205
-266 -267
736 536
-346 907
329 -265
151 -786
-56 -932
-919 199
124 -587
957 185
716 271
258 -492
-229 673
-690 -873
682 -729
-848 -953
607 530
20 -882
-827 878
934 -715
-252 -556
730 292
114 -479
-917 -71
-854 7
-893 424
-756 -254
-709 243
358 782
-861 -726
-31 -729
-940 -412
-210 -48
-252 -34
-301 -24
-966 -829
433 -790
-878 -307
-264 -75
179 -293
989 -724
-321 51
-502 -66
219 426
-362 -473
-944 -526
296 88
402 627
-778 -138
-129 -82
818 -417
-343 -355
-200 978
599 -209
641 -722
793 -174
796 587
-773 -862
-707 809
-228 -542
70 502
-145 -152
421 868
241 397
-66 -38
-692 405
-805 -871
-372 -804
881 450
-831 -478
821 -666
-604 -775
-817 910
-963 476
-627 332
100 146
-581 -942
-474 -157
802 434
-6 -998
-33 485
949 -116
885 800
891 -280
181 931
-425 -225
-339 756
-115 710
-850 812
-866 -583
947 144
939 -61
767 451
-434 860
-410 826
-267 -511
-561 800
-512 -166
-824 -774
974 216
-949 -674
835 -2
544 960
508 497
-62 157
582 -429
-154 -900
-853 -308
969 -767
-258 -374
330 67
-118 11
248 -431
-714 -776
-483 257
60 -139
155 601
-69 -570
710 -958
329 980
866 -55
108 799
366 -729
699 -330
-270 -444
256 358
261 -137
449 -336
-94 -175
511 350
283 -580
-545 774
-66 862
584 -433
631 850
603 420
567 -296
250 -472
-268 -53
-542 9
993 -828
-886 -169
-449 -867
-367 646
163 665
-237 995
-454 226
-723 644
907 -29
17 163
-292 376
-596 491
984 98
742 -333
95 95
873 -980
-914 -871
-474 -922
-704 13
-316 568
-379 16
-550 -33
-461 -595
-929 102
906 466
960 -9
732 668
690 737
-163 -145
825 459
-233 -565
280 -344
-655 843
-566 619
289 624
-496 -20
656 -595
411 -133
-579 900
-35 -811
772 -126
107 -842
960 -618
-458 414
926 -697
11 326
-475 135
-633 740
883 -670
-178 -931
-519 764
-418 -229
-278 -806
-240 -449
48 335
207 -951
960 394
427 486
-193 -306
-608 344
596 67
-989 -676
-465 811
-291 -727
-805 135
876 997
-479 -550
-938 -996
285 574
111 -333
436 86
700 -231
166 -12
88 -177
-383 764
-440 -934
-266 -327
811 -73
-800 -705
-764 430
17 704
282 -470
-785 914
671 152
192 337
-720 -883
66 209
-835 -691
703 -713
298 810
-34 -871
-283 -246
-692 642
361 -532
-227 635
226 -276
-66 -218
466 -411
-931 605
-973 -442
764 107
893 -168
-191 -24
442 -961
-111 683
-535 111
-481 379
656 -79
63 935
118 -763
512 -905
384 842
-231 946
-646 813
515 417
-904 511
936 -428
237 -470
-534 643
27 964
-873 936
-500 645
939 252
290 326
-410 -962
-726 618
64 -613
694 882
730 -630
-390 171
-857 232
-265 634
652 20
-361 -580
67 379
-232 503
-874 870
589 -107
-950 466
881 530
-279 273
525 179
773 -561
-901 345
-966 -168
-596 119
-989 -392
152 -736
-64 339
932 37
-729 870
-903 478
376 -787
882 54
-395 -41
581 572
-95 -441
70 -649
376 396
-407 841
-560 -829
103 136
-433 91
-94 841
893 -519
-852 637
427 717
869 353
676 917
500 -111
-717 881
664 -403
597 647
-689 -482
608 616
822 922
-444 -174
882 262
-47 -329
-17 -788
-134 -2
-409 270
585 505
757 697
674 -857
602 -819
-308 -166
-16 -612
-899 123
-82 -607
-939 141
-213 -989
-465 -465
-650 -742
-221 -442
645 866
815 507
300 -994
184 800
-911 558
491 -727
-450 -29
-632 -903
822 -94
498 938
300 -824
560 -239
-160 941
536 -63
155 444
-724 943
-883 -766
-523 758
53 709
-336 -916
-991 87
630 -636
742 91
-688 -762
-494 519
-53 -660
-864 858
88 718
989 -48
-665 -800
-855 -605
-859 -838
-97 853
131 -968
-872 -500
554 820
-148 -691
603 769
779 -372
380 -263
-212 -302
848 -823
772 -80
-443 -838
825 -845
-284 -140
-793 248
229 607
-301 -334
370 -22
-226 -246
380 687
-996 -41
3 -330
-235 -306
194 522
-996 859
-247 -871
126 -831
-192 303
61 -162
312 517
-338 -909
324 -954
784 258
632 -157
511 408
65 -185
503 110
965 -147
540 -805
236 -495
-391 -708
-81 708
-680 -330
608 -508
-702 -70
762 139
103 875
-325 999
-208 621
-401 -598
-174 -114
990 -685
742 777
169 -67
-552 56
449 -186
716 154
-247 -206
-792 -26
-579 529
254 -769
787 990
392 -264
688 -566
-759 922
30 569
-287 -829
-67 747
-767 -383
376 -643
336 928
473 -975
253 -912
-96 -437
-314 426
640 734
-535 484
186 -297
361 -860
-67 -697
772 433
766 87
-334 -496
-635 -649
-624 158
-647 407
-979 -679
573 -838
36 -700
-438 792
316 698
47 339
893 306
999 972
-956 -428
-326 6
-392 -164
-346 763
-850 -388
-545 655
-614 -665
-748 -270
823 699
-988 -999
-999 942
305 -145
-767 -355
661 -440
848 721
882 -138
47 -222
-898 624
-833 -16
-610 -225
-99 320
530 795
136 -972
-302 38
-202 -449
679 999
-797 39
413 -807
236 684
887 -939
-5 -377
-732 -34
644 -474
-895 987
-625 -392
447 -406
855 -828
-154 963
386 687
-839 -661
738 -307
924 826
-948 791
-684 847
-298 558
-401 -510
118 -145
900 10
-855 840
731 -624
-110 842
607 -940
-781 735
-413 -737
-288 -531
660 -455
-62 428
493 603
74 -731
-848 -313
903 -804
-940 -57
-343 -641
-934 324
-169 -929
-811 -712
878 -306
969 -923
938 137
-366 -985
-422 -823
-712 -136
-801 -683
-638 -797
454 954
-791 651
455 -915
-770 -804
332 256
-865 994
-747 291
-314 -102
699 -115
-830 149
692 -4
794 -12
568 -519
-849 336
-943 479
129 409
424 733
-987 -190
-131 -726
998 -454
-410 -695
-518 14
-835 -867
518 -99
67 -529
164 381
-567 717
35 700
-847 -539
432 -631
-752 -477
-140 -12
-361 135
-594 -701
-766 -470
947 199
-607 -93
-669 207
-411 949
-18 907
45 -85
214 -829
-687 -265
22 -647
622 -394
627 -565
548 -616
-685 -306
108 -673
76 552
-929 -586
589 -419
659 405
-782 925
54 -46
532 -261
48 -375
128 288
756 -33
346 -639
-313 -188
-223 607
-764 951
644 190
192 -114
-283 136
-598 278
61 -366
356 712
-80 191
-712 781
787 436
149 115
-741 333
153 -336
295 -642
644 -922
-767 251
26 440
929 124
137 796
339 683
-709 961
266 912
110 451
597 -209
-477 925
-176 -976
-460 303
-962 -32
-599 -672
-218 -346
140 117
123 873
668 -446
-287 -641
543 912
29 -807
-532 96
-36 -210
-104 -881
-585 644
-738 603
117 -26
-540 -251
-559 227
-100 951
-50 851
-519 -24
-808 271
-349 557
-67 -255
364 -733
-580 426
-301 874
-852 -749
809 388
624 -266
-253 -178
-167 -562
111 190
989 204
-214 -146
871 924
-911 -584
-577 -617
199 -797
-244 41
-26 -468
150 -186
-743 -328
-799 -199
298 -967
-521 109
-584 -385
837 -448
-261 -767
-487 -171
-837 77
778 601
-563 -468
648 -329
-497 -199
-794 224
567 -748
-986 85
-617 -270
-797 -841
-301 7
852 722
-250 38
-848 -796
-751 664
-611 -604
406 987
830 -943
-43 -403
-292 969
-203 -614
-925 -212
453 -318
-495 799
50 -225
-838 725
-532 901
624 -485
197 -598
-270 659
-103 136
-158 499
628 673
-117 -546
897 291
-942 -60
-721 316
-756 374
-167 415
737 349
-491 791
15 -117
412 -516
754 -127
-292 580
-781 467
-709 -53
-897 329
-323 -218
953 -601
856 933
930 80
886 -793
-408 -394
-742 450
-403 -507
438 -445
-375 -303
-771 -605
-253 173
-795 -837
428 861
-305 -663
716 -322
905 -781
-479 948
-909 -517
-667 485
290 932
623 325
-830 964
-947 288
95 -133
-447 -17
-571 147
-583 -75
646 72
628 -247
956 -119
-463 170
-368 -320
-310 -626
-790 79
-878 315
-566 155
842 585
359 -227
618 -841
934 -218
-482 -995
717 195
126 -526
424 482
483 -656
811 868
-265 -507
681 116
-435 -837
-59 -42
929 330
232 563
608 891
-30 564
347 592
612 685
936 707
-387 -595
-454 -771
739 -942
-414 440
580 -542
789 -297
382 503
-128 20
364 539
234 122
-670 -667
-487 964
-965 -798
-392 677
-640 -857
615 -982
-244 -26
659 733
-546 560
-8 -325
239 682
-44 152
-203 -158
269 865
-553 644
-10 115
417 -264
-690 -262
-294 958
-918 -435
-156 -179
-636 616
676 -184
995 57
243 931
-83 -944
884 516
-197 -672
727 925
-356 299
509 -263
300 333
845 229
-90 -633
486 209
-8 543
998 -361
-922 -442
-981 -53
625 -357
-488 211
-262 574
426 42
978 -985
-292 799
275 904
-9 -845
-492 864
542 -637
-311 914
-231 275
106 -571
-273 -228
421 -579
250 -442
-298 -6
870 -70
-938 -561
203 -719
-863 598
-453 769
-628 -750
-547 -822
-729 -603
-901 -53
-48 -269
-471 -885
40 -362
439 -812
682 995
-743 -286
921 -18
-571 637
121 842
365 -637
-447 291
253 699
-929 47
343 -43
92 -782
-83 -955
-606 81
399 -207
651 -278
-954 -119
-388 -14
48 -809
290 543
109 -553
379 -345
489 -408
505 -856
107 708
-798 297
-308 -483
716 912
-403 -24
-825 -554
595 -914
410 -775
-572 -672
355 -383
-554 -436
-406 -555
725 958
-843 -802
-266 680
353 571
891 708
527 -89
-346 -407
733 -568
-992 -611
615 521
220 874
-434 -869
-264 340
-248 23
932 121
695 56
135 26
542 311
-386 -790
-766 -714
-411 -668
-34 784
267 -974
281 561
225 -581
-501 -782
-268 -788
-322 184
-677 -789
338 -674
339 -441
4 -192
697 68
-753 -790
295 -826
-637 831
691 540
901 494
-844 63
807 914
359 -5
-998 665
-527 797
850 -504
-651 -739
-423 93
-615 446
6 -731
-492 -476
911 -833
298 -795
-500 -112
-277 -221
110 -632
-631 361
304 709
