1000
-751 -45
250 4
-553 122
-197 315
809 -592
-173 -154
-170 971
-550 -556
-314 -844
267 -975
448 947
-518 -689
-226 919
-118 -583
-315 -998
398 -300
-896 805
382 -809
988 -768
-307 973
201 -708
760 840
-449 821
-175 -920
320 -990
429 844
701 -818
-406 344
-4 -164
534 504
775 -665
316 195
696 -56
512 -44
-908 -469
-467 -315
806 628
828 125
-834 990
152 572
-535 164
496 -924
-974 -748
-100 27
-951 -400
308 -914
-605 407
637 -249
131 180
-826 882
664 805
-606 573
614 -49
-154 -786
794 239
38 -87
-504 -156
523 818
-746 -916
648 -816
-881 -916
621 35
513 -29
299 216
-408 -79
873 346
-1 -411
-138 -837
771 -604
-864 -589
-981 -223
-252 807
-363 873
999 190
146 -483
133 -416
469 454
392 321
792 692
124 -691
-193 103
-848 515
-911 98
479 391
661 -67
-784 275
-647 -438
666 -242
424 138
-548 639
157 913
541 563
675 -57
47 94
592 288
-711 158
353 335
-11 -186
87 534
838 -166
514 -639
879 -378
-67 4
-704 516
634 -639
146 -898
-561 -689
-826 400
322 919
744 370
897 -143
858 -699
-955 -785
398 923
840 -456
-813 -292
340 312
-347 -171
-338 421
494 -828
-573 -139
545 2
769 -801
-775 784
841 47
381 118
691 478
-522 -89
548 17
-636 313
124 -544
894 -364
690 -982
-199 -472
68 423
-533 -780
201 -210
385 -908
154 -183
-531 -725
208 -411
820 -367
-417 -18
-777 575
-700 -229
607 249
411 886
-321 -118
965 -225
-907 -394
-393 -239
81 332
-794 900
905 380
-238 85
-196 -392
-288 179
-267 -68
-355 -885
211 514
591 183
119 482
334 594
-387 888
339 -753
31 280
432 -294
-218 -714
1 -529
82 897
689 139
780 623
416 976
458 591
339 604
-13 -405
716 -53
-909 557
684 92
657 195
-697 -606
-144 -282
390 -324
675 -969
386 456
-140 -69
-272 563
998 105
-536 -493
-631 -559
363 -375
-321 -144
820 897
989 -959
718 -196
-109 -474
886 544
544 -585
-46 606
448 -839
546 -667
455 -669
-170 693
-750 478
-687 134
-420 875
-196 -662
302 -791
286 464
779 759
618 -326
-485 7
202 -910
-426 -877
-405 -888
-860 -556
-328 415
818 433
-356 777
-856 37
194 816
-295 -764
447 -185
458 975
882 144
-602 326
731 -673
-687 -594
-630 -210
-68 851
-823 -206
217 -480
-499 -850
-129 -404
-792 -185
176 487
-349 -423
329 -267
235 -584
169 -886
617 265
-250 151
-906 65
492 596
-642 -531
-664 399
724 -300
-43 900
-617 -485
804 -259
-204 -744
961 -293
76 -727
3 758
808 -123
-492 -239
346 -14
-685 -638
-91 -519
-922 929
447 248
-525 590
725 -441
529 808
144 620
778 -725
840 226
-300 218
-666 360
-143 30
734 454
-29 157
-531 837
468 414
-161 -688
213 92
-76 917
309 -727
595 849
-11 -427
224 875
-775 399
-70 607
17 -357
440 894
681 293
-490 851
638 -283
-838 -358
626 -748
940 -724
-302 -50
-843 798
-234 -680
-89 267
440 163
605 287
-455 -431
356 725
-880 551
-117 227
772 -219
-441 453
476 34
682 823
709 843
965 311
-315 238
827 42
45 -911
-57 189
948 489
817 463
-127 -200
-898 -642
569 918
230 847
-534 -717
-999 162
807 268
-636 -827
-395 -52
593 -200
-91 -363
925 -64
-684 -961
125 976
-145 336
931 -923
618 61
542 -735
-189 -945
897 538
-701 618
117 -204
69 826
784 12
938 350
200 -122
763 -70
451 -470
-287 -424
353 -566
-302 -641
-900 -600
925 183
-482 885
-585 -245
-460 -83
-458 319
-654 -847
591 -316
-633 -203
-629 90
322 59
-240 -922
21 -225
-51 437
-87 821
-171 159
-749 -464
-865 -49
-971 -588
-931 145
-104 734
-259 253
-872 483
285 -236
-384 -954
-766 232
-344 910
-774 913
28 -313
-369 77
-209 -857
719 -25
160 -811
635 -292
-228 -283
45 762
-220 -730
-594 -694
992 480
182 -145
276 344
661 399
897 -857
913 -558
-593 346
945 -487
667 90
266 -80
-388 -642
-456 55
602 -880
-961 317
784 174
322 -146
465 -638
-28 160
937 180
525 168
598 -546
159 82
-361 -800
969 784
611 -203
-356 514
-531 -586
-51 -617
-697 461
-437 163
-955 -307
-527 66
-765 720
925 284
-263 32
898 -22
-994 523
186 584
-181 -239
129 955
929 -80
-546 452
142 322
211 341
123 -508
-984 292
-454 602
114 -866
-849 434
-566 -754
-644 54
123 -546
833 -58
572 -819
-717 -859
-721 577
-452 259
-584 -465
-652 -421
-110 601
703 413
-849 567
-953 815
-993 41
524 -705
-989 -836
552 -307
49 315
951 55
779 440
-553 -716
780 763
861 597
-398 -262
889 -647
-414 -374
378 176
376 565
85 -925
110 -740
-942 81
287 -898
631 461
493 -230
393 -346
-144 338
-960 199
495 881
-581 704
-332 -786
36 804
-133 -863
-587 182
683 197
811 957
888 286
921 15
248 -771
672 -995
5 -718
654 -21
738 -206
-667 -972
258 858
238 27
-539 -318
-787 997
36 -891
-233 277
-817 320
-847 103
-155 -824
-326 -463
532 -575
604 -729
177 877
623 255
-517 833
910 -556
-597 574
-274 -1
878 -657
-147 -942
902 -385
24 294
110 893
-417 520
-83 242
108 304
364 -95
898 -430
-965 -400
418 152
-735 887
900 256
771 7
-780 -270
471 269
699 -283
777 -858
-464 -254
814 -411
-882 -488
311 51
-360 418
88 -938
-198 278
-358 -11
17 560
845 795
-258 -434
-62 619
519 -915
-856 -365
271 228
-59 -957
744 127
-232 -353
389 -481
972 -269
916 736
-832 695
412 603
261 372
-604 45
-361 -730
420 -152
-784 898
-416 -392
921 329
-62 521
178 157
-681 151
-204 788
269 -955
581 -869
-790 -510
955 477
833 -646
-571 868
-79 697
-585 -33
-1 -363
-348 357
69 828
-287 -888
-389 282
7 -418
629 208
377 300
-292 -109
-681 659
258 -31
387 256
-752 169
-814 -146
-110 282
-172 -353
86 300
567 -469
256 -49
249 -616
-254 -895
686 -261
-566 676
-191 -50
973 -241
109 514
-510 371
-482 -249
-78 289
3 -38
63 250
-648 -755
-703 -425
482 749
425 170
-87 721
-656 341
-259 238
655 -854
-958 -157
869 -350
-626 385
964 -654
-939 858
125 -518
930 383
-642 800
-887 -430
-599 -739
955 -173
246 -106
-23 -199
251 -754
669 319
-788 -342
613 -510
750 165
737 216
736 292
544 -653
-789 189
677 565
89 -652
128 -394
869 -778
-22 -860
-911 -790
-239 251
558 -860
-299 -827
647 -533
-286 -652
-721 734
-369 46
-516 -477
150 391
-924 -624
-235 213
-201 -242
-539 -256
557 458
585 553
482 -275
776 -435
734 -593
-657 249
970 -953
-879 208
-800 855
-80 -133
354 870
417 577
926 -387
-854 823
961 -426
367 -519
-439 -735
542 489
-353 425
-648 647
725 -201
-703 -141
812 -683
729 -193
-198 390
508 232
-886 -924
231 -106
515 -934
812 -318
670 -908
920 488
-174 771
355 -371
738 581
-297 -958
90 -636
-460 -502
-426 -819
-908 -247
-620 -731
-501 717
298 871
-863 -559
443 -799
723 -433
790 -944
310 -922
-161 -760
-738 -324
66 377
398 -298
166 286
-448 454
974 456
-424 -171
-154 -214
-732 385
-932 -570
263 -744
-452 -151
342 277
273 -574
-846 -262
-599 232
-761 591
408 749
661 986
-401 45
781 -656
-961 476
206 -309
-344 303
160 861
743 -87
624 -749
752 441
-898 941
-696 -622
116 829
86 140
536 126
699 313
531 359
351 490
643 -496
-658 -510
589 -364
275 -757
-441 792
-892 392
822 747
-946 475
707 -129
994 -1000
-252 583
-448 186
-632 -176
803 133
706 997
926 763
361 525
-235 -734
223 136
15 630
513 -917
409 459
879 472
-769 -490
-403 242
-617 669
489 943
-1 731
-546 -50
-488 25
-536 411
370 377
360 96
507 -283
-278 -929
498 -376
646 429
-15 154
868 -975
-630 242
180 -50
672 903
364 957
937 664
-285 863
547 253
510 -943
-187 -323
-200 625
-1000 273
56 -577
-874 -855
13 248
-831 429
-483 -817
871 663
-97 -84
756 976
821 -918
-808 -761
-353 876
91 -471
828 32
927 -931
-655 -457
-859 512
-689 355
610 481
176 817
227 -243
-558 361
-322 365
647 852
459 606
588 -818
-636 -222
409 -372
953 -219
-407 -928
694 -669
-837 -694
681 -472
-537 -799
975 520
965 -398
46 -480
842 616
-952 540
-667 -275
-466 -501
-647 992
899 -800
-565 248
-829 -614
335 -216
-124 -698
-611 -301
604 -365
842 865
-445 982
181 163
-486 -609
271 644
780 444
-386 64
660 -499
852 -807
255 24
-341 888
-589 702
164 -511
-687 -579
433 -310
-713 -713
895 733
-536 -349
360 779
912 -349
-297 84
-13 166
349 885
-555 -18
708 -431
-32 836
754 259
337 -693
849 610
-845 194
669 342
-431 -306
653 58
-106 -88
-459 -477
-553 866
-69 912
-909 160
201 -541
-806 -475
-798 79
-884 -949
-872 561
467 -777
-258 212
100 492
-22 208
-782 815
573 -29
579 -21
-731 258
-745 -714
-365 50
-938 179
-503 -846
-630 394
662 555
861 -315
-843 -981
-445 156
850 -466
-613 483
975 -369
162 754
-537 541
569 -330
289 -895
937 -394
614 287
180 -888
-90 523
365 69
72 -994
906 -646
257 649
281 -672
999 457
801 -529
-986 444
-742 -401
947 947
224 863
-849 440
-284 41
-978 594
-733 373
-760 214
267 -754
-464 848
-36 -798
-189 -509
-53 877
435 -499
-259 -712
181 -194
289 -578
840 -229
-322 -960
71 430
48 953
897 576
461 -252
-137 -406
-675 -163
277 -168
-871 -955
-60 -161
-141 922
991 593
-153 134
-395 -402
272 -793
-225 541
-851 511
-925 -964
-218 685
632 948
-22 -148
122 -640
250 202
-128 -577
-260 459
-964 -216
-56 799
851 -930
71 -191
-386 260
78 690
272 -110
-603 -810
154 473
-772 797
-261 900
272 900
-901 927
-85 685
-983 -276
-22 156
-77 900
131 -940
-377 -629
982 946
-728 487
-957 823
-29 -910
492 284
35 -786
93 65
81 -808
185 -826
608 272
583 78
-472 -56
-963 145
-767 91
-565 -831
963 417
619 703
-85 768
-569 238
96 -412
-948 904
183 -478
542 481
948 -471
28 -215
738 -373
518 -379
-427 -997
-276 800
797 -250
872 110
-50 -73
