1000
-868 228
-268 461
570 -168
826 -608
216 130
-848 260
-737 -872
964 632
510 -792
-103 105
705 689
5 930
355 19
439 884
386 36
668 -791
-126 421
691 102
517 228
688 -320
57 307
-529 -496
-718 889
-566 -487
-294 920
-36 -567
566 255
390 -449
715 -992
913 652
-911 -236
-954 333
-634 -898
139 728
630 462
495 836
570 -745
520 670
-178 -62
-486 697
-648 884
-294 -186
565 606
356 -235
-410 404
458 651
476 -544
-210 -108
-609 -281
386 362
565 -708
318 374
-287 -412
642 -617
346 -550
941 -63
543 772
-307 360
-137 918
-809 829
-131 -107
-871 904
-869 318
-530 535
822 -296
98 901
987 -617
966 62
-391 -397
375 370
-209 665
-582 -455
-233 -992
219 822
931 271
-10 -977
902 -84
869 843
-585 -376
924 701
-702 169
-943 -816
-593 -840
-17 -76
-697 349
765 232
-524 423
-613 856
-488 -304
-675 825
785 273
-485 418
971 594
439 542
-233 244
496 -609
-917 978
-297 -75
-887 949
417 -689
-459 -680
-947 49
-271 860
326 230
-645 157
778 -600
985 900
796 575
-252 29
487 -986
707 652
964 324
137 -324
-706 473
-62 -856
-716 295
-774 -306
-401 468
190 -752
-620 -947
103 925
860 988
-60 960
-862 -387
-633 775
317 -386
532 614
-321 -987
-651 -211
972 -410
561 -568
-897 741
190 -603
810 -919
580 923
-499 962
260 -247
-423 -563
-935 93
277 -859
894 599
-720 -133
-687 -964
-344 761
-698 527
235 676
-562 -595
668 -463
729 807
-712 -647
-374 54
-391 624
-277 842
-550 466
-911 3
-243 -674
-448 484
-614 712
738 885
184 362
740 -920
-767 -694
338 -818
-799 594
-236 -21
-785 924
-327 -361
-641 -740
-685 -394
-809 -797
819 -469
321 -175
-970 -136
529 -277
735 -807
-409 -835
104 -142
935 -303
-428 485
-265 -383
-553 489
-872 73
-697 279
-87 353
-908 -553
-136 953
839 43
218 854
407 154
-578 -884
-383 -640
-899 780
-775 -285
-268 -831
-4 169
501 -203
88 825
219 953
-50 -593
-835 869
967 -92
-651 -644
-187 44
-335 884
459 -318
665 516
-832 850
-254 -161
-833 -43
66 753
82 850
-763 -649
929 226
-736 -108
-410 -715
-252 336
851 -412
949 531
950 103
684 644
891 296
-487 955
786 727
61 -3
387 639
567 585
-225 -488
413 -178
137 78
926 624
741 -221
-202 539
-720 465
-911 935
-767 -381
963 653
333 -476
-728 -664
881 887
-217 -65
-964 728
684 210
634 -493
-762 -525
809 821
990 760
-763 815
186 -178
-745 34
-223 432
-738 823
-768 456
-884 110
668 740
708 826
152 589
962 -54
985 -652
-4 715
-40 -402
967 -499
825 546
222 -845
-710 -752
-66 703
141 293
-123 -451
953 620
-275 -754
14 119
-701 568
-88 -546
637 -308
-74 -410
508 153
491 -730
334 223
-315 -825
150 694
220 -790
176 -368
-803 -34
-465 460
327 738
-422 108
-490 -169
999 809
-225 282
-234 -650
315 401
-638 131
-681 -636
787 467
714 -290
-745 -912
57 51
994 429
-456 4
-300 -181
-478 657
554 -912
-293 415
-537 6
-508 -150
980 752
847 -275
598 -670
595 -529
-96 1
642 -912
-920 -871
-615 212
-130 -850
-24 367
-854 -812
514 18
389 -509
-953 277
892 517
-752 422
304 178
571 304
497 495
-488 512
-580 -494
83 -812
-750 -791
-172 389
907 -165
-205 422
-37 494
175 -515
-412 139
-448 -302
796 -768
267 357
225 -572
887 -635
-582 -800
-2 -338
-465 876
774 -237
-836 248
-559 -3
-558 204
498 946
318 497
720 -23
46 770
-865 669
-767 637
-259 736
-609 -321
-917 -766
569 159
717 -414
-158 -775
36 -28
-466 -930
-215 548
-263 -39
-68 -646
-612 789
799 975
-949 -130
828 -481
-430 -410
366 -338
146 -375
-433 880
-601 610
-931 -492
396 -353
-158 384
384 -973
-76 -957
682 27
299 -297
-805 563
562 -90
-876 377
783 287
488 -527
-426 -200
-237 411
-902 214
-565 627
725 443
-123 152
523 671
-181 -929
426 738
397 -232
-315 689
773 -463
130 -921
944 -327
735 -650
-790 344
-468 534
441 398
325 -979
285 185
-209 127
966 267
757 216
182 522
-173 216
-72 -999
-237 415
-766 872
-570 -503
887 360
-154 -741
272 -750
-855 575
-228 856
-520 -276
565 -980
177 858
966 431
-118 740
665 765
167 14
485 -473
861 -71
537 -48
824 -795
722 253
858 -793
755 375
-411 891
-651 -653
-549 156
-260 3
996 -815
-355 -930
48 -326
-995 -754
221 764
204 -871
891 -152
-654 66
174 -733
-552 384
100 -670
-950 -497
776 -60
-613 341
-58 788
-951 -696
864 223
-301 -177
832 -445
-983 -218
270 -183
-317 966
-347 -268
-523 100
-383 -694
689 -535
92 99
-371 946
585 735
-202 296
848 -499
-955 226
-100 -198
-783 10
625 -442
-474 -978
562 -915
-620 -744
66 548
-245 704
489 -333
-235 -272
-599 -606
-796 920
-366 -681
-577 -653
115 -417
-409 -631
961 -454
-482 -297
477 572
202 -324
-383 -31
-714 358
-597 -863
-453 428
-370 485
-771 -451
21 41
104 169
-423 754
-435 -386
-427 193
327 166
872 -360
-685 654
250 -947
495 826
691 -339
-286 151
56 515
-931 -110
919 457
-512 824
758 -35
432 573
39 -408
-616 -800
943 668
509 415
-505 988
-985 -169
1 400
-68 -385
-993 376
-257 661
305 33
313 537
-98 998
-585 361
309 -727
-395 76
-156 -286
808 355
296 983
-366 749
-874 285
-46 186
602 653
-950 18
-706 123
-923 -569
14 291
-952 -584
-839 85
-423 952
26 -829
349 -81
392 -280
-378 846
826 987
45 -904
-129 787
396 351
45 -738
0 -387
552 -371
-883 917
-298 690
-574 -359
785 -51
-66 605
541 579
-62 12
746 769
-695 889
75 703
-137 -247
264 472
-466 943
-558 -456
-58 807
-251 951
-275 327
707 -890
-931 -77
62 -153
142 545
-555 754
188 -740
-989 277
570 -84
709 -436
518 614
-117 -894
-513 -976
-976 998
117 -392
-947 401
624 549
-981 -234
451 -962
552 59
-446 -326
-853 664
994 -760
-741 686
-16 272
46 873
-476 873
270 249
71 876
912 -242
307 552
-25 -686
763 -776
983 -949
587 -334
-218 656
-319 882
-824 380
795 54
-166 993
-653 587
990 112
169 88
-295 950
495 -7
-422 -632
-389 847
157 514
24 902
830 764
574 -521
321 -801
963 271
177 615
578 640
-488 153
-149 406
31 -138
283 653
-26 816
-802 -447
-922 477
898 -539
-187 154
-786 120
-854 578
514 53
-831 -961
-463 395
689 256
-596 -163
876 -788
-79 -279
-153 -347
548 -210
364 944
-756 250
124 -555
658 -734
360 642
-699 -137
865 341
594 261
-402 89
466 252
63 -400
115 -524
480 -62
-164 45
-64 -347
651 789
-638 -242
930 926
547 967
-382 895
718 641
950 -135
812 540
307 -659
384 212
974 -404
-158 814
863 63
-390 660
-124 -968
-320 -99
-871 537
497 -367
-57 -60
-700 -549
-646 882
78 608
-248 776
163 -465
463 598
270 601
-19 -142
387 -525
-890 629
291 -806
-286 -908
816 614
293 290
33 -958
-333 563
152 411
-781 -172
-703 -746
227 -774
750 -137
877 937
-494 704
-664 -314
-822 -969
402 -194
51 -85
-51 -152
967 -120
-233 600
-566 -360
415 821
-476 765
-124 -370
-192 -148
-176 -935
-779 -532
213 -676
-158 224
-953 944
815 641
522 -174
-79 688
-355 603
-657 730
-280 -381
-797 716
-575 417
499 73
69 86
241 -374
918 -180
111 165
-320 -903
999 658
352 712
-214 -198
103 -247
903 -64
491 647
-962 532
398 331
-186 742
868 -961
-564 840
319 -474
732 663
813 -230
309 -821
-971 -346
-567 -707
349 -250
162 953
-145 715
-501 -892
638 947
-963 367
596 552
473 749
605 823
886 -863
457 645
-613 -996
509 -355
127 -858
92 -771
639 906
133 802
-96 -361
733 208
-282 -397
-66 -9
-92 419
879 -302
661 -439
-106 353
218 286
859 -262
580 -752
-65 -148
-75 -675
478 420
-686 64
192 596
860 -421
-698 -208
768 454
387 -822
-661 279
665 17
-175 -509
454 966
-544 404
-18 -369
193 -980
411 -449
719 -360
-127 357
-341 360
-57 772
-306 -98
372 628
896 -891
166 -874
906 948
-87 590
919 -125
165 908
976 557
825 283
536 -569
-281 350
-124 -592
-256 -697
-624 -359
-271 490
-274 -393
-866 -62
320 -121
-98 -334
536 65
-873 95
861 608
-628 412
273 753
932 486
-270 154
-659 305
-114 -643
864 354
-630 -451
359 -945
-141 -129
252 -685
758 565
388 -617
-722 -553
-644 -259
845 -925
-190 -305
429 -201
-841 -904
-138 -884
148 -544
355 86
859 670
-416 745
31 521
423 -258
775 416
-101 454
-657 235
-700 -754
959 -591
797 -317
143 -117
-54 984
-325 569
990 38
-60 -477
12 372
-408 243
-68 919
-125 161
560 907
-10 -273
471 163
183 -297
-110 -675
-856 273
614 -599
732 857
913 700
-809 193
-560 896
-250 211
704 -370
-224 -567
596 15
251 -304
-697 767
-735 -662
402 -205
-748 483
688 -579
592 807
463 685
-368 178
538 -486
-268 856
-491 -79
465 438
633 -83
665 -568
961 -1000
-627 -707
-733 -943
-719 168
355 -753
-945 952
453 -859
366 -614
18 -218
291 157
380 634
-135 742
533 674
974 -427
-883 -71
-706 728
-85 -597
691 335
-738 154
29 -32
36 207
-977 -532
-166 -194
538 -319
-619 -803
622 17
-575 -858
-530 -829
-952 -566
787 201
597 -695
308 178
617 -528
-187 960
-626 146
509 92
-421 314
-180 841
599 -161
-739 -266
-303 457
696 -264
703 -941
507 -472
-443 -958
-118 584
-599 21
597 -532
-571 782
-727 -553
-115 224
-663 -813
161 72
-33 -907
-668 -927
-307 112
-386 -349
-487 201
-97 -485
-823 27
-858 593
395 -724
-559 -234
-104 -113
213 -371
73 -404
-879 988
138 -963
-306 -62
447 -534
-727 -789
-619 519
212 -414
-998 588
-935 582
-705 -283
545 -560
924 -565
-715 564
485 -748
-126 870
-932 118
834 911
615 -510
57 -304
708 878
-451 -330
106 -509
378 -369
-446 217
117 -564
453 479
783 727
695 -721
316 614
-811 49
980 385
-885 479
-870 177
-983 -774
-132 -151
55 -997
874 202
966 396
970 -591
185 -376
-662 -572
324 -673
-392 -611
