1000
-770 -1000
-631 -536
-905 -670
-104 -122
44 -472
715 -418
69 -3
-631 487
618 -323
51 949
-510 365
-303 -8
461 102
-897 -365
-737 -236
392 -48
-179 330
306 -862
653 -551
219 346
-823 0
161 -305
-443 37
-984 408
-654 661
-777 -597
-527 745
932 -916
-372 442
-814 -882
33 406
-24 -243
-192 803
-12 367
-601 276
-256 -328
-900 938
931 -323
-853 -596
251 -996
-271 106
441 -390
-1000 862
-307 316
-861 68
-923 347
525 -85
240 -175
701 -692
248 617
365 603
-785 -794
-357 429
184 242
591 -199
10 123
414 -207
385 25
895 595
533 -542
-884 346
-833 641
-101 235
-455 -731
285 -243
-923 566
-298 -600
225 -866
911 353
9 -379
-7 181
-691 -787
787 229
-875 -449
-595 -768
-685 -586
413 903
472 74
434 -819
-743 -432
312 781
931 -656
219 737
141 774
-720 848
-115 -578
-960 295
-291 -214
966 475
431 -458
-405 -66
447 78
-609 385
-760 -370
-469 281
362 569
-731 -891
-341 -706
-460 398
-821 -792
-443 -929
-708 309
77 -392
545 186
-656 622
534 101
-815 37
-351 19
842 464
-120 -189
-289 -600
-381 -118
382 -580
803 -24
-55 504
-669 -117
360 -791
-434 -142
-200 687
2 357
745 244
-941 244
247 748
-46 333
134 -626
191 34
-924 -654
-899 -982
681 -277
838 -602
530 119
-866 -153
735 4
-724 -674
25 -955
806 -156
-200 245
-211 -261
-28 -548
937 -748
-933 64
742 467
-846 798
-577 16
95 281
-71 320
582 178
-796 -253
771 152
381 -513
-312 66
-537 253
343 -981
508 -734
-94 -596
719 305
-288 -719
419 190
-173 -923
-255 822
-872 -385
-362 414
207 -975
699 -7
-244 446
-695 798
844 -227
557 25
476 -789
856 -975
711 37
-502 618
-354 790
880 -964
-211 -786
844 -93
-52 804
-780 568
627 413
-675 432
-751 -834
-599 -300
671 366
-786 -799
-496 31
-294 896
-292 655
-748 153
877 154
-827 515
-839 -958
966 -657
-702 417
-837 422
187 -802
865 -96
-452 847
644 -457
-841 -850
644 651
539 -289
-679 -793
-967 -31
37 -300
453 -813
-728 893
415 872
-790 -430
355 46
-956 -703
-882 -52
880 -847
451 586
-222 -799
-739 -859
-169 849
-875 739
430 271
-523 -669
451 421
926 729
83 112
375 889
-19 -444
-200 -158
-330 959
-762 -898
240 219
959 966
-596 -776
-24 458
-931 -438
309 626
-849 -386
-582 -961
-360 770
815 645
974 -666
-247 -851
233 174
-185 214
778 -839
-983 972
-101 743
-888 -100
-183 614
-574 630
-800 925
645 -860
838 445
-882 -278
-405 805
-622 -177
703 166
-388 651
693 54
-680 -943
-202 872
512 815
585 -37
150 -749
-223 -878
-847 -175
-88 676
187 -622
-533 -43
-38 191
-219 -587
-627 174
960 967
906 268
-295 501
741 -404
788 738
-333 991
-895 416
352 980
205 179
-18 -382
-101 -154
-272 -76
708 -212
454 660
-419 -918
297 635
-104 -989
169 -489
622 -188
468 542
-964 -607
10 35
-725 -993
-33 999
180 -333
929 993
-829 -933
-741 849
699 -436
-86 -15
315 364
-851 -835
-944 -447
594 -699
107 953
398 400
-12 -549
-275 -109
-241 238
-788 547
478 217
594 807
-185 571
582 322
968 588
-147 -337
920 179
435 749
447 -167
188 733
136 -579
-69 -838
-746 -326
115 377
-234 -89
-660 353
-428 141
-71 92
-304 -578
-73 -2
737 915
-632 -170
410 -489
-911 626
-531 3
385 -760
-770 -919
435 915
441 -891
69 715
-185 -576
810 -296
556 -265
-691 519
-12 -484
568 -210
-608 -485
-93 -435
43 -592
624 597
-781 967
199 734
-12 -140
-450 -300
-522 948
363 -463
202 -221
-419 145
-704 975
-72 401
-50 813
511 -599
12 107
806 -948
691 822
216 718
-745 -691
535 -538
786 -715
115 -652
-172 -865
125 -652
72 807
-116 -525
-488 589
96 -543
-157 -359
196 328
-626 -677
-247 -115
-535 -303
849 532
-237 -403
-887 312
81 -282
779 -516
-421 830
-397 -405
-425 403
-848 519
619 -550
781 48
781 -71
-591 -445
-355 83
-908 -171
-907 -582
-61 -320
-609 847
-155 654
104 350
-145 755
-252 105
-300 832
-286 833
321 660
-271 -516
-999 -826
419 131
829 -911
-543 683
-786 991
79 -409
-59 -247
-286 60
691 -115
-833 -27
692 -702
277 552
138 -984
-738 424
599 -461
882 -4
-37 10
957 -928
943 267
-398 939
-64 -815
-528 -735
-720 -328
-300 -854
-198 -576
126 -557
149 -192
344 -557
-709 285
309 336
-374 -948
-953 -957
458 372
-860 -55
208 376
-199 347
194 99
399 17
652 -924
317 307
611 253
382 -784
281 6
-251 -734
352 647
254 97
-383 118
583 -105
-369 718
-209 468
-952 33
-531 388
972 830
-700 -979
-815 934
390 349
742 764
-586 580
647 -900
-781 -275
-832 750
274 -701
454 218
-150 -494
-718 -627
278 731
927 -659
182 988
982 346
856 -481
-185 470
-26 -862
635 294
479 423
-152 857
-54 205
-523 -584
-841 -402
287 -449
-167 810
27 380
-718 -347
-724 197
-787 -708
679 558
130 -114
-91 395
-715 -552
618 515
-320 929
148 -698
-718 -392
-171 112
-824 -982
773 -354
-789 -807
-863 880
-742 985
-504 752
761 125
248 483
-806 -975
645 -19
-533 41
906 810
-639 186
851 714
276 983
-567 -292
970 416
303 -482
360 790
-994 -572
278 81
28 951
-45 -171
-846 544
201 -254
-371 -474
-639 588
-700 -332
714 43
764 702
-633 899
-919 -587
-569 710
-761 -792
-951 -120
-392 446
-114 -412
-722 -238
81 -338
-950 -658
-923 -152
-490 347
431 -952
-511 216
-988 -518
-103 361
227 -398
-547 -318
-938 -811
211 548
277 -503
-424 70
-757 -710
390 408
893 862
-357 -651
-167 -197
136 -745
907 -473
742 -705
998 321
528 276
-79 558
-883 539
607 -26
588 393
-332 -112
-874 -458
52 -197
-754 674
-466 -113
-708 444
-214 147
-374 384
879 -352
990 -688
568 -330
-326 -873
440 -322
-544 954
427 479
474 -912
-690 981
361 -29
-206 271
764 295
-387 104
-524 -853
-734 712
69 590
-334 411
-720 388
-909 -221
-145 -919
-528 -374
-721 -235
-879 490
-523 -464
220 -544
-261 951
796 -258
298 -128
-335 -832
28 155
-552 466
-174 522
-787 -128
243 514
-450 958
790 -206
401 -791
-558 -12
-327 -610
-828 -334
341 -327
-398 -358
-838 -208
702 -811
-382 -351
-100 500
820 441
-9 -612
694 999
-368 -444
705 353
473 -980
-764 -475
993 -256
-692 -142
641 -339
-222 440
647 -620
308 -99
-128 893
-135 562
-836 -307
111 502
860 -117
680 -791
-145 -913
-907 -61
-834 -772
-16 581
-204 96
-672 944
466 -38
-903 86
-78 -325
195 78
906 816
957 443
-221 -417
-800 111
539 959
200 668
136 -979
-367 59
-434 685
-722 833
370 -18
816 527
-800 -432
260 -919
-102 -86
862 697
-366 887
678 -28
523 193
672 797
330 130
448 457
-878 -554
717 355
-591 677
213 257
-715 -257
465 551
435 504
923 650
-903 887
125 -569
162 522
-100 581
-406 956
-507 -311
275 -838
775 -823
279 626
-415 66
398 -484
-723 -259
67 -867
-19 -672
194 -950
-795 466
-75 491
-119 -911
560 160
-504 151
9 408
-359 -487
684 -385
997 -430
957 -841
22 32
-257 -229
190 -610
-939 544
-389 -766
775 -259
-918 -585
-553 -899
-199 541
-363 -734
-735 -224
-560 28
-60 -937
-163 538
-141 669
861 592
-109 -843
618 -198
-703 522
962 240
452 -523
-24 -326
530 835
311 -570
405 -507
-760 327
-369 -231
-90 -64
684 729
288 770
264 883
-881 -125
-703 -55
472 992
173 442
356 -573
-625 865
798 200
918 -724
-483 365
454 480
-349 392
-981 890
-203 126
91 201
-212 944
44 907
138 296
726 501
721 -250
-214 135
-287 -812
564 -962
49 -304
-692 -724
-48 -565
323 -363
188 461
-756 348
899 763
-919 -162
360 -52
728 -420
520 857
-323 -545
-947 739
801 567
-909 -759
747 469
969 -439
927 -951
394 39
932 -66
-628 861
283 869
297 658
-580 992
765 925
771 -736
447 -805
187 112
-876 416
809 388
-337 -517
733 -772
-931 220
692 797
-799 -710
978 402
763 944
574 559
-737 25
958 150
499 -420
-443 -2
456 57
-854 -463
93 -508
-438 996
496 449
-895 220
-169 -879
453 -833
-146 -596
468 -791
-879 -448
-513 -960
653 952
-218 634
562 -896
630 270
-261 -104
449 -840
-143 472
45 705
-995 547
527 -354
-227 735
985 487
-279 -764
-510 -949
710 -686
-683 386
442 -296
-403 -637
689 -750
-1 -680
304 -493
-392 15
-952 884
-903 -655
-275 -869
-560 840
-152 559
761 -627
-247 -182
-92 -240
-703 -111
-247 -116
959 -815
-119 -215
-646 -742
-169 68
350 -144
-392 428
-966 511
-442 894
-919 -113
-405 -28
-720 344
876 585
-440 56
-333 464
619 -46
482 -730
-43 170
661 -748
-237 159
455 -118
-641 87
-184 -135
223 161
893 -385
314 983
-408 504
-436 -365
426 867
-900 -205
486 659
-548 -16
-184 -505
-767 379
38 -355
-603 9
-570 882
-999 449
-160 -916
222 -797
-971 -852
-683 924
-960 -962
629 -233
-869 179
-82 -778
166 -863
-228 -63
996 -39
-754 -594
662 746
-297 -111
-292 -364
533 -634
904 447
608 957
822 -579
-891 -379
858 -531
676 -435
-56 -303
-250 231
-951 -173
291 -435
-276 819
803 248
492 100
-365 -97
-831 392
-437 -99
473 -87
765 839
56 -726
-944 396
510 61
-593 -355
-792 -490
-388 -946
793 -49
-8 -354
635 -867
-169 548
-736 388
879 -358
622 -617
-414 -241
-373 738
-723 519
-92 763
-352 -26
308 -858
-738 878
196 760
711 100
830 334
597 -791
-250 -48
147 584
-437 -880
-907 795
-662 823
-780 51
-780 -686
232 392
785 -72
491 -275
-427 -128
-581 -72
642 -800
-928 721
206 -599
-208 -152
791 306
-81 812
980 641
971 -998
-19 -159
-569 -702
-114 561
-315 944
-744 25
-918 -343
-296 -221
-979 484
908 103
608 -164
-557 -362
306 643
-59 -628
899 -439
-45 592
-822 461
912 -914
308 -108
-128 71
734 920
816 455
964 -814
-586 -313
251 490
586 -813
348 -690
677 -865
-702 466
776 614
263 -665
705 516
-887 -833
-582 -652
-173 -368
434 -340
-327 -217
-879 -328
643 366
-810 788
-738 -319
-574 158
447 -354
-646 43
