1000
-819 -386
-450 962
-551 -803
-23 251
-254 -555
933 921
-334 -821
167 560
-436 -558
-642 527
98 -473
-149 -923
792 61
-845 -124
440 900
914 580
-536 -240
499 -996
585 838
-163 13
-383 154
-800 -401
-964 -537
-159 961
910 -209
594 -966
636 884
661 933
171 725
-334 269
-55 -915
-489 -571
587 953
64 -69
-985 -631
119 -130
835 -520
-659 558
-131 287
-118 467
924 -121
-926 96
-601 350
25 41
-635 620
-617 499
500 -315
15 475
-338 514
317 489
-535 332
-849 406
-322 8
-203 813
-531 -374
859 30
478 -717
423 -808
-5 -244
-754 -856
492 504
-852 -227
515 276
-877 -482
553 -653
-797 734
729 8
-789 -402
-356 978
-192 996
-492 -577
364 -5
-339 -998
-328 187
-832 -633
653 218
-342 -974
-330 -925
924 402
90 518
805 -525
378 -736
429 948
-554 349
-93 -786
325 -789
-742 359
548 -63
239 86
-738 -816
190 487
-403 -136
181 -511
-160 -530
-967 -121
429 -404
-824 44
-935 -775
-673 -326
182 -741
-67 196
172 -821
519 -150
-180 -408
-35 -227
272 367
-531 852
-777 -87
295 -753
-816 -972
209 26
676 103
-356 548
-567 -159
-58 208
308 -911
-207 -549
-418 -837
995 352
75 89
-960 584
-41 -768
-523 -762
162 357
-249 -926
638 -560
-580 596
390 15
-601 372
-479 110
-70 -225
503 294
-922 701
659 -797
919 -16
538 -981
-354 -1
683 588
-481 388
-393 581
-20 -669
-989 167
-767 -83
155 -995
83 20
-918 -118
-990 175
936 258
-634 480
-782 -580
-343 676
-848 438
-351 -454
979 -518
497 88
238 -801
-368 -502
-714 451
282 -19
349 -792
550 347
-565 -756
-728 104
334 -706
376 -787
-124 -755
643 322
-42 -973
895 -591
24 114
149 -216
526 222
-662 -289
321 379
-738 -181
833 920
410 -669
77 -867
99 833
914 641
-652 443
-735 -114
603 323
948 393
-318 123
401 925
273 -35
735 887
642 154
-87 -184
5 -799
34 -938
646 66
-552 -204
475 -700
683 467
-798 836
816 632
939 -721
-95 -624
753 -191
-665 -334
-193 623
-149 292
-928 434
968 705
408 -139
-138 -679
-239 1
-445 25
216 -985
674 636
-694 -594
905 546
41 -403
405 209
-396 -453
689 -599
213 -283
183 -468
908 512
-202 -466
-803 -192
21 777
-523 -760
119 388
-493 691
-289 405
548 -478
-219 308
975 119
-950 50
-589 161
504 -725
-675 -55
302 328
574 -532
123 -665
701 -982
8 670
425 -529
731 -930
-174 240
569 725
-40 -24
-596 71
-668 723
693 -242
-666 971
-76 -561
574 273
-970 -370
-753 -34
302 453
544 -261
807 705
-475 -498
392 -274
254 -619
-343 -220
559 376
-699 834
303 490
-15 346
-555 -960
-196 125
-80 870
-249 -984
549 94
871 543
-513 -582
425 -23
305 -740
-27 -836
704 572
-202 843
-657 218
-55 -323
682 772
-940 528
568 394
569 877
-5 944
570 526
-679 756
703 -195
-416 -224
198 47
117 562
-709 897
686 -533
-87 -815
993 -651
447 689
92 -344
614 -825
-489 639
-878 -216
423 902
919 -873
852 743
382 984
28 37
-584 -598
-311 -424
34 -412
545 -773
-823 239
942 274
560 36
-547 -32
-400 392
-774 -264
-528 -523
-500 -574
-283 -517
412 736
363 -329
540 625
692 -78
-266 54
-703 -627
-78 52
-977 -405
764 -455
-557 -335
-411 34
762 905
-583 -468
266 669
50 -838
-323 114
-277 999
511 -766
-25 236
133 719
946 -828
-720 -763
-872 -659
-93 543
-443 -94
-335 -867
-148 -617
331 372
-995 997
329 615
-271 -969
-234 -924
951 -316
-207 818
-284 -931
865 298
470 -311
664 707
-534 -768
844 -701
95 -315
-334 -526
731 -649
-133 -319
124 681
356 347
97 -79
745 -486
250 -706
-342 414
-947 526
576 858
-869 -514
-303 -609
-622 -637
-430 -227
-860 -439
-707 103
-760 -758
884 342
-177 -207
-780 513
474 224
-371 -196
987 -546
-111 558
-199 277
-789 759
-729 331
338 -862
903 111
-850 39
-869 -665
571 -556
300 -440
988 333
-97 661
-335 2
549 -933
-5 -752
-559 -323
447 -901
144 -501
-566 826
148 -424
-348 947
-623 124
136 -904
-740 -537
627 466
592 -152
507 -210
-622 429
610 549
-392 -453
-629 544
-586 -943
396 -341
-135 568
-460 -726
232 461
879 522
-264 18
-664 -359
398 -15
-2 -248
-70 387
-438 543
-286 897
848 434
236 569
148 -381
385 578
-721 -823
-722 899
242 783
749 577
-102 415
516 -856
-348 -239
635 61
163 -642
-268 -575
-704 -646
-410 -248
-654 482
-614 -533
670 -974
-950 346
208 -566
-170 -122
-421 194
-166 174
461 27
317 360
-825 -456
-726 -29
-293 -275
708 250
647 -858
-634 -501
945 60
-391 -919
-925 -220
553 -417
-759 -776
-198 855
616 42
-394 314
33 229
107 488
87 166
835 -886
-146 -468
404 582
804 524
153 -702
-876 152
-16 525
-712 593
790 -901
-929 650
-464 223
-560 255
635 718
-354 -490
150 -607
60 -428
286 -757
771 307
-502 412
449 -189
281 -107
308 -785
-503 109
264 -431
569 -412
-963 -872
-255 342
-372 -775
-528 -542
811 900
-922 139
-976 329
-956 766
-270 123
-800 -763
358 -61
989 -548
793 -680
-341 -814
-327 -259
683 403
-887 619
-331 -925
-684 273
-883 957
609 -791
-413 61
232 702
43 -325
181 -405
-915 521
-742 -155
269 -578
-486 315
349 -460
51 -628
-94 943
-549 -70
453 -512
-337 878
-214 -471
-168 557
742 -303
-337 -119
-404 -919
209 -117
329 -768
-26 -145
561 213
47 -640
-951 763
-881 -649
-841 -734
-388 110
535 451
-682 985
-625 604
-857 -89
133 -611
-918 -12
304 450
-223 995
-596 -158
-718 460
753 -953
914 160
534 111
693 260
-349 -686
724 -947
-44 -731
256 -839
-699 -33
614 -753
490 -854
820 839
445 668
555 716
-850 790
517 -623
486 -499
-264 498
-820 183
540 -387
-500 -920
-838 -799
-411 286
-826 -26
-878 522
958 621
-629 784
-845 408
-19 -560
551 -627
-761 790
807 -280
310 -194
316 -65
963 477
525 -614
812 748
407 -462
-863 -186
559 616
-81 -940
759 633
402 -681
-305 369
390 -410
-50 607
-593 -248
2 -472
-470 548
324 110
-76 -473
-1 177
137 86
-190 -874
-865 900
692 -24
-316 -809
312 -340
806 38
-927 -214
834 -171
-424 137
222 -139
43 537
363 661
840 -793
-763 -626
571 -180
477 -787
436 807
489 98
108 637
-838 713
-982 -306
638 198
641 953
919 -777
428 -541
156 804
61 -588
543 506
-879 -46
-161 489
-360 770
-418 139
-316 732
630 -538
369 575
-457 -525
916 501
-444 559
-154 328
-529 722
611 -619
674 -529
-723 -256
-512 -277
295 392
570 -78
399 716
886 -10
-869 -866
126 249
56 999
-299 749
991 -373
511 -615
89 -242
65 -369
404 24
-858 -212
-826 53
292 -624
-639 -128
799 -849
-472 -495
268 247
-239 20
-392 755
779 508
26 -146
-670 695
-409 140
865 -908
-811 -394
-504 51
226 885
718 -980
341 -351
-968 -942
-972 393
266 -855
-872 -490
-803 -58
-690 -757
-62 630
-944 304
-570 178
180 96
-377 801
547 191
678 -562
956 160
973 556
393 309
-877 391
-941 -328
574 109
-990 -966
-296 300
295 -517
420 590
846 425
195 -749
30 188
-94 -179
595 -719
-313 706
-338 -251
188 -803
730 -219
859 -378
-174 676
507 259
-558 -643
953 271
-308 -791
906 -693
-868 -798
704 242
957 -71
-789 -287
701 -570
899 454
-194 -242
-61 -57
79 73
871 -649
795 900
842 694
-64 741
25 342
995 430
-900 325
97 435
-394 487
377 495
-406 803
217 4
561 -942
918 -671
-407 -45
-384 -919
-336 419
-203 274
146 -869
452 -37
-897 -454
997 -878
497 420
679 -652
796 635
-230 870
902 -723
943 260
-903 207
-179 40
-761 -679
-267 -947
686 -255
-505 996
-756 988
630 -9
-684 226
-374 -468
-687 529
-507 749
-261 -891
985 469
-296 -985
-569 -659
-428 -333
11 -727
756 591
38 -644
-280 -903
-613 -461
751 144
95 -623
431 806
875 -890
-907 -717
-861 -203
74 -51
-836 -250
663 360
378 -23
458 217
-793 845
585 -289
587 -752
-970 -285
568 807
308 -129
-779 560
-374 -50
798 342
-363 -61
-870 309
-382 972
589 -97
-372 -952
-2 14
99 -522
-661 843
-114 320
-580 -433
-318 -776
198 -488
579 -862
529 797
-822 -61
-948 917
-232 520
496 453
-709 -231
66 -679
-690 -257
188 -42
-987 -380
-674 861
-390 986
-975 -190
-783 -513
269 29
483 -928
524 768
313 -404
-338 27
-201 906
718 749
188 12
-459 -564
-858 -426
829 -873
-405 586
456 457
501 438
339 288
-946 -15
-91 543
733 -735
-308 273
127 -479
-821 -864
137 -559
188 373
813 -546
-980 -352
-420 -172
711 729
411 401
-382 696
328 -133
280 739
-753 437
774 -794
296 702
203 -840
-109 394
58 907
-857 630
-413 -684
775 86
-655 -372
103 -47
148 630
669 -833
-238 -622
-421 -606
217 481
-740 179
121 906
701 830
-560 -531
750 208
517 278
505 -560
-263 -541
-142 284
955 -519
751 -138
-869 -27
219 -769
209 -961
837 529
735 -813
430 -445
-428 803
195 489
-462 -409
488 -37
-93 151
630 231
-553 -662
21 665
-879 -880
-946 -375
868 861
-454 -218
807 486
175 -750
-368 -815
-963 -242
48 488
819 -248
-453 735
-168 273
412 935
-745 -940
278 -463
329 -76
-819 422
-439 -987
-986 -553
-683 -674
541 -271
-79 -307
390 -77
-768 219
70 -637
-59 -686
962 301
-618 764
-952 541
-397 910
-835 -704
-746 -699
70 -762
-613 -817
-21 -693
833 910
-775 -186
194 -312
-761 897
576 -14
-244 26
112 -433
-433 -263
-389 -93
894 -381
690 -307
99 -258
675 884
-908 919
-406 -239
-918 65
-727 -642
-491 990
-326 -3
93 562
500 652
-708 -650
-19 135
522 -85
-833 415
-599 783
-210 250
450 -411
648 234
847 -912
-658 -702
395 -464
-13 343
-665 -223
994 -461
-385 -577
613 352
-308 -593
915 -269
-261 -710
873 615
78 -309
-35 -117
337 -101
798 62
-465 -662
-720 -725
902 353
-265 -688
-215 -106
114 931
613 -128
-70 998
-890 -692
843 -934
-886 -561
-110 -621
806 429
535 -245
-136 393
-3 553
-580 -3
-920 99
339 -963
382 -207
2 103
481 -284
