1000
-842 679
-427 359
-449 478
958 742
-763 -286
-31 613
534 426
662 -503
446 -462
543 -306
-275 -535
-949 -489
875 185
-933 -382
794 -723
-92 -305
251 -434
-540 -493
195 -626
552 360
-577 697
-499 775
197 -168
102 921
-739 -360
238 -646
-207 -805
350 -769
641 -466
-879 601
-999 -742
-91 251
-937 878
837 -743
-345 -531
981 33
-78 996
-898 -66
-409 975
459 -646
232 -883
-477 180
856 305
887 -877
547 -886
510 714
-209 -555
64 972
274 625
32 -719
-268 -749
813 -214
854 284
858 -143
-717 344
621 325
806 -648
133 85
-324 -686
-400 874
795 54
-421 506
772 -955
-757 -870
-203 334
492 196
305 -263
584 666
500 839
-790 345
850 -439
980 -687
-177 -288
-771 852
-748 -427
159 429
977 395
96 -828
558 -207
591 255
471 -324
786 -742
-201 -923
-898 -486
835 -769
950 446
-518 779
-569 663
588 -753
20 442
201 500
205 -780
683 159
181 -994
-153 -669
-780 -336
528 613
-166 -870
-516 720
374 -111
-773 474
-474 775
-619 55
-929 -561
-668 988
-96 223
146 -890
-350 6
-637 -644
-926 16
646 -174
-718 -296
664 -752
-324 813
-358 -749
681 216
277 498
-30 429
363 739
-731 960
-321 415
-903 -102
791 483
-91 -964
465 -327
-866 -685
-492 -186
-640 205
504 -331
-992 555
-135 548
-961 103
-24 750
-799 839
-286 249
126 -125
-283 992
-295 -348
385 835
64 -419
827 -755
-925 -577
296 -105
312 327
-169 -52
573 170
-945 93
432 -283
-756 -875
492 846
-892 -97
21 319
463 -137
-586 772
486 910
-695 -526
-549 194
-41 -965
650 269
-272 -49
126 -931
541 -347
662 -572
-348 -982
233 -799
-997 233
457 783
-239 685
-140 -612
-662 -813
-800 -180
953 -733
-200 623
-957 719
-174 737
705 -483
-204 -464
662 -830
982 -765
-846 -544
952 -695
-522 353
519 -128
-807 692
13 -89
171 -1000
711 278
136 -697
-965 780
95 -315
553 393
307 -280
-591 -467
-655 -774
549 721
-797 -964
641 677
-683 270
-168 681
134 -451
-512 224
962 188
210 -478
717 486
171 -799
-158 -686
-58 702
-131 280
-3 925
-186 36
749 230
495 -743
-70 77
-497 -313
-221 -908
672 719
-984 336
646 902
-263 697
530 441
224 -666
-171 -367
881 728
-535 711
753 -138
-52 921
-491 634
-2 -595
685 -55
910 949
753 -184
-673 227
-518 -835
49 -833
-124 244
-323 120
370 -157
721 536
-733 64
365 779
-972 -127
-787 -624
70 709
184 -976
-607 401
760 -961
457 397
-805 -879
-528 688
809 415
988 201
231 426
714 608
-932 95
-621 -564
-350 508
-594 7
495 770
-553 527
260 219
-994 -915
166 -418
675 -21
-965 -64
33 258
-777 -515
-952 674
-232 360
287 -507
-226 -209
-263 406
832 -749
-904 990
731 -586
-496 992
-596 -650
-595 -682
-177 -855
967 -998
-583 -999
-395 745
-61 626
-496 133
600 409
282 43
-367 976
-290 597
462 -921
-231 304
281 -43
-887 608
-938 264
-139 -366
-915 -599
974 -958
-661 435
-443 -833
-507 -811
957 -116
-226 86
-415 248
252 -359
441 -768
-938 -143
25 -429
320 -9
-773 711
-581 905
879 -982
-346 -571
879 -261
73 615
184 826
4 703
710 526
-156 -841
-450 -378
662 723
386 -399
654 473
625 -63
682 -253
877 -531
626 403
-879 -329
-413 -282
-589 798
397 172
246 -60
-518 872
451 562
-368 723
921 587
-520 261
82 127
-769 -394
-744 225
317 866
104 -582
-891 748
-587 543
60 -604
608 289
-946 299
-105 -60
285 503
-356 258
-373 594
600 785
-22 472
-160 530
289 -575
838 -757
-238 91
258 855
26 -116
275 732
905 998
592 -883
291 -324
980 -526
-570 -188
-470 -987
893 -850
-43 -930
-525 211
516 -638
-404 -879
147 -522
-559 343
-459 746
-726 316
-79 852
770 -299
-277 -981
-139 -458
-956 -826
749 -808
964 -941
157 252
55 -484
717 975
-186 -457
120 -785
-808 -596
898 -515
-839 -643
-515 -429
-39 -335
190 88
-489 -207
-516 -606
256 584
-39 907
-957 -540
725 -441
583 178
-434 436
-785 -711
-900 947
-627 708
28 950
-364 -986
795 203
466 218
-410 616
-594 -391
-384 215
783 768
-92 -140
-290 576
-437 516
460 23
-529 601
-26 -816
-255 -652
-680 758
-615 -886
-432 -817
-692 -519
437 -761
210 684
776 -534
-248 -914
-583 934
-684 -868
685 671
-552 62
-2 5
-1000 -809
-268 644
-1 474
291 -325
-433 992
564 623
167 -457
265 368
714 797
459 -341
-642 -194
-586 -190
498 -326
536 -694
-412 923
-794 291
609 565
-401 -851
-386 -130
5 -743
-633 -992
617 -307
486 -755
806 -467
-650 867
145 -378
-904 -800
191 -196
886 -617
840 -361
230 -381
555 -503
-126 956
305 -221
-763 -824
342 521
-376 228
422 355
-657 -301
-156 -426
-515 -251
65 -382
671 -117
859 540
-201 491
20 895
824 -608
373 223
-46 771
-414 -785
-674 751
879 467
-628 353
-173 -136
-678 575
92 83
-391 636
996 -793
523 265
-541 -373
911 173
740 -101
624 807
-548 -483
666 -477
-743 199
-929 -20
-649 -992
-311 -270
153 612
-719 572
421 796
96 895
-975 317
595 -529
189 -417
244 -523
-719 -927
-217 690
-183 107
178 -332
446 -923
-367 807
-810 -426
-455 -355
-434 -481
43 -128
168 -263
907 535
-448 940
33 -41
947 914
-753 860
466 139
-203 889
579 -990
-990 301
57 255
-324 -106
-475 -721
-670 -742
-451 177
-65 -13
60 -926
-879 971
521 204
-517 -327
557 874
-584 954
895 719
-174 740
82 616
-430 -842
-157 -721
-632 -764
875 -319
-52 -398
123 -830
486 -849
521 496
476 -972
-811 -235
634 348
-463 -367
-329 -505
17 199
69 906
367 70
617 617
-206 -548
844 311
-544 326
-735 -115
-910 218
-968 -615
-329 601
-478 169
-645 879
374 -791
-967 573
980 -375
-481 -902
696 307
97 -267
32 459
289 -19
513 -376
413 -28
-40 722
-135 -126
-659 508
-209 -26
700 -269
900 403
327 -424
-579 -472
-730 667
-527 -1
609 120
-831 411
-417 -121
-59 -628
-17 238
585 -939
600 601
-664 -480
988 -179
88 416
-894 -774
-522 23
-380 -48
3 617
518 -189
192 320
985 545
-363 130
-610 706
-552 496
-98 -62
204 16
106 -580
-456 -627
-785 -809
-534 941
-116 -427
59 -972
887 937
245 -200
-180 425
67 -156
967 341
-281 128
-843 -585
817 289
886 -933
735 -291
-714 -751
-768 482
-932 736
-242 -521
834 -435
923 3
-506 620
538 861
928 214
-430 419
-795 -243
94 95
779 -116
-167 519
-481 226
-967 -236
-701 496
296 -507
796 -400
955 -523
875 -599
892 -102
778 881
-261 496
-55 -638
181 -43
-919 64
-397 -298
202 633
-873 -214
192 -194
882 -51
427 50
105 656
919 -48
-23 831
-720 -542
872 -269
-886 -913
-673 -919
561 388
-539 -494
717 327
13 -468
24 360
-893 -942
962 456
530 784
68 -866
-358 746
-76 216
976 -884
441 447
-457 -348
-688 -65
-754 -256
-882 -11
-487 642
-265 -135
788 923
-802 862
-507 -633
461 -152
850 5
743 381
899 442
573 -625
-39 662
638 25
-337 343
-14 840
-864 829
313 -964
-246 78
495 -977
-447 -806
-972 118
550 577
217 213
-55 -204
-676 -169
-51 954
824 670
-597 -524
503 -744
-998 -685
186 -989
30 360
730 -30
910 588
863 705
-373 -191
-527 741
-915 153
334 -264
79 789
571 931
175 -143
910 -404
239 782
251 307
943 -16
-2 216
655 -887
537 -289
-977 -219
-562 -698
-742 984
846 -474
-478 -379
115 -72
445 -399
828 -230
-495 327
-201 210
28 -980
292 -941
-889 294
-522 942
667 777
-979 282
-859 98
787 -537
86 919
-956 367
526 110
369 -674
-838 -706
-138 -157
411 -396
-805 56
26 614
312 959
-487 -211
652 -531
187 -978
128 -116
-842 345
-249 395
-248 -41
-615 -664
840 -419
640 -47
-721 150
-510 -249
-90 992
-927 -299
-815 901
192 -64
397 845
-649 -898
-810 -494
616 588
-484 628
-94 -437
519 -34
5 -854
520 -407
-792 394
306 -337
-280 -194
633 931
610 -959
618 -33
-605 253
91 -562
-162 937
884 -437
670 -894
-801 -583
-436 222
347 485
930 -83
-601 537
625 721
-387 547
608 -577
-547 -843
486 -843
-868 349
-261 351
-532 -392
-118 325
-594 979
521 -136
-731 -750
-228 -883
125 -956
71 -360
-612 871
-590 333
568 424
866 194
-679 -994
885 -7
463 -968
-306 77
711 -237
291 875
-181 -944
-173 84
-664 -506
619 319
436 -380
-309 484
-289 -582
821 582
697 440
-443 -415
501 -586
727 212
508 982
-683 -848
549 375
-464 755
-653 -756
594 238
783 -116
-910 -147
-744 635
-361 24
-631 297
-384 149
-310 186
867 465
-967 -618
436 -497
-374 -383
552 704
-212 -19
-101 388
911 510
-817 -865
-157 -546
-489 -161
-206 499
419 941
673 766
-708 -30
162 -299
-366 -116
-194 740
403 578
-431 -433
927 36
-217 251
858 454
358 -34
-158 -241
-245 -397
642 -884
649 66
-346 858
15 608
-384 -763
-38 -525
-21 -6
-517 -311
-707 -524
554 -854
-606 789
-341 922
166 194
-304 -988
-829 965
-625 563
-483 317
117 642
554 504
-437 743
-442 -300
793 747
981 -877
-728 -274
970 -579
188 952
-280 -918
-606 -205
311 -896
-603 -809
890 -983
567 -138
366 -903
-113 282
981 -449
-434 155
-412 -630
359 -331
-230 238
-770 -519
338 -266
543 195
-438 604
-493 269
-251 935
862 802
-162 357
-260 932
463 905
-354 722
-848 -458
47 660
-317 509
988 -87
128 -285
-348 116
-499 455
-148 -862
-304 754
-474 111
440 -768
114 -182
-24 -706
917 966
-186 677
-294 914
867 -570
343 442
555 -59
-527 -705
192 -197
-782 -842
834 951
-726 189
18 805
595 387
615 -206
-54 968
384 783
363 -942
-373 372
-692 257
-650 806
-131 214
-348 -788
-3 384
-14 926
81 -266
-550 79
-799 -260
8 -99
403 -240
-293 -250
237 660
-274 718
421 -399
-616 -722
922 137
-591 671
585 -946
-74 -809
-23 962
-882 915
8 270
-803 -282
345 167
569 897
-354 -274
652 180
867 518
90 563
747 587
835 -596
879 385
971 664
-541 411
-936 -991
219 -738
-916 707
-689 -443
659 -459
-277 -474
655 218
634 612
658 -509
