100 1000000000
67471285 45019815
24975282 20536425 1
37681533 15927919 1
16638978 10298260 1
28585613 22741887 2
68160672 64585944 4
11556330 3983688 6
9328203 2002551 7
61162705 35271397 8
72024765 26462379 9
52942462 42686669 10
19430323 840935 11
76508973 28889413 12
1219049 1 13
38297880 30328487 14
24608538 20435558 15
79772286 73894989 16
77938691 15872380 17
53976729 21178654 18
43942496 1302101 19
64836775 12972267 20
12918508 5352284 21
22520289 13844758 22
32698981 9583147 23
56577158 55454752 24
27018885 21209184 25
76398801 67383780 26
3426313 2184383 27
73964796 845380 28
56029100 33577577 29
89433414 3389104 30
10056491 8277881 31
93055977 83578820 32
45732929 35736540 33
19050530 6279323 34
16450475 15894679 35
52614445 43879243 36
78002981 20208906 37
58830917 50028580 38
48914539 45892889 39
1136296 1 40
70997305 57919328 41
17546383 12225537 42
43683913 39645056 43
54923320 53116037 44
31642970 19003453 45
34828255 33450946 46
25697319 18042059 47
34911424 34324984 48
76730475 23065214 49
18113559 10766184 50
56244450 46884682 51
77129247 37840770 52
11786570 11332630 53
58346260 50423409 54
6347357 168331 55
80083508 10614382 56
26107096 16390041 57
8981177 6869342 58
62219127 11638487 59
52177120 44087211 60
23884021 23581698 61
59725797 2415782 62
19903503 17616348 63
64291075 62626350 64
19271041 19006543 65
62667383 53264998 66
85340422 37356087 67
49882749 43863446 68
62674522 59474558 69
79920464 46503619 70
79628092 29878214 71
52240173 44520801 72
66880612 63568275 73
88528463 60367341 74
33695376 6656874 75
77063924 70070282 76
7317371 1 77
49238358 41251677 78
14658275 8499758 79
18954674 12102820 80
95403394 67263408 81
11598916 2316323 82
78434581 65485936 83
29827398 26630043 84
52650071 7889116 85
34989560 34776653 86
90838278 11602065 87
29107858 24426102 88
15464924 13877197 89
41333330 22580147 90
80161429 70106185 91
41183604 40244150 92
4024559 3950038 93
14933044 9865932 94
84657827 37284211 95
57854669 50609882 96
53500016 44533179 97
76475259 28341889 98
83833872 13848052 99
