2333 1000000
24610 13239
8723 8581 1
30945 11969 2
814 600 2
23588 5427 2
30085 15922 1
37275 5164 6
11249 5694 7
15619 15284 6
22576 19816 1
19286 17519 8
374 175 11
30277 16550 9
12638 5657 13
829 728 10
38382 17737 13
26538 2457 12
41369 317 14
32408 1503 16
11582 6066 19
34158 7250 20
36852 565 21
30138 16690 18
40899 1826 20
9993 7684 22
38068 11487 22
39096 13048 26
41229 2537 26
39861 12701 28
34412 11101 26
22002 14145 29
33074 14244 29
38340 12864 29
2587 2585 29
1773 1359 33
29538 9639 34
23593 7259 32
37547 7837 37
44629 6448 38
44918 5644 37
13735 13411 40
26237 14927 41
14924 3772 38
34083 3937 42
35477 20236 40
28726 1125 44
14859 273 46
34586 5616 46
13867 13622 47
28103 16387 48
28283 2267 49
42605 20200 47
8286 8223 52
34844 165 50
899 693 53
30065 6375 52
8448 8226 53
44626 4395 57
43406 19116 55
41813 5471 59
28182 11839 56
5605 5306 59
21164 11653 61
2198 2023 61
22318 13564 62
35015 6736 63
17381 9643 62
37463 9178 66
2566 2448 66
33439 8338 67
29601 20154 68
31781 19942 68
25230 2143 70
23023 10781 69
9903 9873 70
28992 11128 73
6934 6818 73
40614 4360 77
31936 137 74
4081 3668 79
9257 8900 80
7980 5582 79
10831 10582 82
4099 3673 79
37573 15981 81
36006 18545 85
5430 4549 83
45346 5734 86
27666 7400 84
31656 8345 89
29071 20591 88
5650 5345 90
20891 2462 89
65 37 92
23405 10125 93
15471 10170 94
41824 20205 96
15164 2048 95
19693 534 98
41426 834 97
18710 16375 100
32534 20015 101
17668 17487 99
42729 9512 103
6734 6386 104
2335 1990 101
31725 2972 104
27309 617 107
2893 2479 105
4935 4632 109
39399 14196 109
43130 18483 109
14796 2368 111
28538 12160 112
27591 4063 113
12448 5626 113
15178 12911 116
15030 14868 115
29859 12642 117
13917 13875 115
11595 11444 119
21286 16820 117
8843 8233 120
5695 5343 123
27471 2133 124
45252 3049 122
5400 3150 125
16840 12078 125
38743 14547 125
23340 1172 128
43563 538 127
43514 1960 129
23327 11044 130
6211 5857 130
18272 5791 134
34434 9715 132
38558 2741 134
27709 6186 134
42353 3199 134
29099 13729 136
25439 15357 138
27408 2830 139
21354 18241 140
32208 4055 142
3112 2734 144
31702 20809 145
33173 16245 146
33703 5864 144
39468 10363 144
34165 9153 147
6653 1005 146
3359 3148 150
420 89 150
38990 17756 153
45011 17298 152
3913 3797 154
15215 15072 153
32302 660 155
20059 11325 156
26410 7299 156
27887 2218 156
16176 12666 159
12854 6282 159
18416 18288 163
9126 4493 163
18010 13038 163
26144 9811 163
29023 20104 164
29855 873 167
19742 16885 169
25855 20283 169
23760 14319 171
25874 13252 170
31901 3353 169
23280 14863 170
4145 3941 173
5788 3691 172
6872 6472 175
44413 8765 175
27764 19563 177
8895 7892 179
27979 19330 180
38265 4892 178
43234 1728 181
39659 19833 181
23384 16568 183
13963 5778 182
15115 7758 184
33688 2968 187
21484 135 186
29348 19340 187
13539 1249 187
11344 6640 188
21172 18289 190
33290 2452 191
39048 7708 195
33064 8319 192
26624 17363 196
15975 3848 198
8543 7677 195
2793 2474 200
41968 14928 200
33081 18077 198
6026 5784 203
9593 2802 203
18475 4104 201
9204 8806 205
6481 6003 206
15495 4793 207
14274 14090 209
41293 7873 210
42214 10580 209
34512 17197 212
31327 17090 209
33809 198 212
27949 6344 212
4453 3370 212
14654 1089 214
8693 6101 214
28663 1177 216
4773 4661 216
32903 1346 217
42709 54 222
31100 5522 219
1864 1476 224
5625 5379 223
34066 15615 226
9231 2541 226
9590 9400 227
32077 7634 225
9894 8397 229
5824 5787 231
10246 5759 230
27670 17771 233
2645 2426 232
43517 3272 231
26199 19368 232
16654 4851 233
37330 17035 236
1183 1161 236
1591 1182 240
23269 8361 238
27963 19302 242
33683 2444 241
32830 19931 243
13528 13426 242
8098 7855 245
45167 18831 245
3794 3389 247
32905 12538 249
38683 5888 250
11892 11531 247
34149 14447 249
10502 9708 252
16812 15521 254
30394 19780 251
3594 3414 255
39177 13385 254
37350 9522 255
29357 14381 259
19051 9933 257
36495 1309 259
10025 5320 261
17621 13931 261
8844 2829 263
15012 13244 264
14855 1966 266
7290 7086 264
17577 9007 267
26500 20012 265
33585 13006 268
43184 6900 268
18972 3037 272
35941 3993 272
35190 18738 272
4259 3987 275
20682 6751 276
27494 15451 273
14007 13615 274
31478 17911 275
34435 2660 278
2041 1919 281
38460 7833 282
14366 14334 280
20310 17610 281
34593 4050 281
35236 17873 285
36897 13845 284
23955 12430 286
36317 11077 287
25188 16704 288
28620 13053 290
43452 969 290
29279 6840 291
3707 3476 292
18585 10995 291
38776 20676 294
18766 12733 297
29652 20044 295
41125 348 297
43992 13046 296
24728 1615 301
43489 3019 298
3541 3336 302
22248 14364 301
12233 11957 303
29026 5944 303
26894 10904 307
5489 5230 307
17130 12336 309
28246 10891 307
14383 14287 310
200 1 311
22411 16663 312
30194 5526 313
41479 18459 315
8773 769 315
14329 1932 315
16554 3629 316
9264 9081 316
24909 8641 319
26567 13261 320
25038 15780 321
21835 10151 319
34134 6882 320
35866 229 324
13107 1308 322
16174 13509 324
23945 2321 327
15648 1030 326
38460 2501 327
25497 19179 328
29309 19105 331
26111 14854 329
3591 3354 332
38721 3816 333
33584 607 335
21789 4612 335
14865 14644 334
43513 2951 339
40122 20689 338
42705 16171 340
7449 713 338
21341 19084 341
24829 6799 341
35939 20489 344
15970 10560 343
39242 15500 345
16373 16116 346
42706 11809 346
20992 20186 348
38468 20437 351
33958 16761 349
22677 13735 352
11591 11202 352
36460 20095 352
41907 3463 354
27635 7724 356
32957 20526 356
7143 6930 355
19245 15891 360
386 136 360
1220 902 362
23940 5443 360
33795 148 363
5339 5274 363
1594 1312 363
3824 3458 366
2261 2095 367
19220 17818 369
29585 13288 370
30788 243 367
3032 2916 369
8041 7971 371
22508 3807 372
16378 11494 375
41603 5321 375
37357 8111 374
23288 13591 375
7677 7512 376
30448 18570 379
5528 5113 378
25264 4495 381
2959 2699 383
33106 18549 382
41485 6087 382
19703 6361 385
36524 18780 384
30798 5133 387
12008 11856 385
45302 9715 389
11597 11218 390
30074 7446 391
20522 20054 393
25676 4816 390
25855 18259 391
32102 433 395
35325 3496 397
17483 14103 394
20527 20263 396
26603 12369 400
19297 3363 401
38459 83 401
3533 3225 402
38001 5414 404
44234 1452 403
12075 8005 405
17577 6933 406
23152 18821 404
10734 10580 407
14112 2451 408
19739 16447 407
7671 7656 411
26536 6616 413
34766 9922 412
21104 1325 414
44560 10734 416
10161 7773 415
18691 14878 415
34775 2831 416
28306 11655 419
3796 3563 419
32149 4234 422
44348 10981 421
27812 12238 421
5294 5060 421
23006 14988 425
2625 2622 427
6275 5887 424
21957 10987 427
15282 3475 430
27444 11785 429
45226 13234 430
36833 2575 431
14891 14495 433
27307 190 435
18106 14550 432
17005 15 433
16297 6892 437
3675 3482 438
4329 4264 439
26958 7610 439
28628 15323 439
24704 4806 443
13601 13204 444
4181 4006 445
33565 18120 444
29496 14008 447
17559 10667 446
18433 6623 449
23369 7960 448
13261 10539 449
3751 1753 451
43145 4463 449
8308 705 452
16575 7603 455
45252 18100 452
22283 7819 457
44060 2942 457
45219 3058 456
31289 3450 457
10712 3841 460
22452 14816 459
31994 15120 463
30758 14349 462
15775 6109 464
9730 3226 466
20682 17032 463
41714 14524 465
11998 9925 468
4533 4275 467
7502 7248 469
32674 8787 471
37372 1009 470
5450 5345 471
6642 6268 473
24949 19585 474
11457 510 473
23749 19850 478
4847 4667 475
25055 15077 477
13515 13489 479
8387 3064 482
26874 11829 483
4672 4325 484
33919 5419 485
1282 1058 485
13919 10694 487
26379 9718 485
725 611 489
27451 6964 489
4615 1056 488
23656 8539 490
36484 20454 491
998 789 493
3535 3380 494
27468 6371 495
8995 8983 497
17710 17467 494
36532 10852 496
32691 16826 499
38692 18906 501
34987 2242 502
31145 10320 503
32093 11373 500
23980 3435 503
35549 13548 504
11069 3020 503
3682 3463 507
10287 8407 506
5381 5148 506
12716 12355 509
16328 5723 508
4890 3041 513
28681 17647 510
44975 12226 511
25842 2608 516
36345 15746 513
5760 5342 516
31110 2119 518
44105 4550 517
33615 2955 517
13367 2848 522
8636 3309 523
28893 19364 522
28470 3953 525
18500 702 525
35062 5849 524
7987 789 527
16558 16350 527
17566 1842 527
24132 17008 529
31222 15253 528
6202 6010 533
28255 12785 532
9133 5049 531
22689 670 534
19615 14653 534
35437 1151 534
20032 12089 535
30107 19585 540
2799 2614 537
628 465 542
35150 14335 540
38918 17962 544
17992 8826 543
13447 803 544
42214 20286 545
34517 749 546
1724 1347 545
5851 5687 550
17427 8232 550
29692 11260 549
24777 18754 549
41992 17052 554
37266 9477 552
23713 17789 556
34211 10426 557
4195 4188 554
43086 7324 557
1835 1625 557
17198 9512 561
14694 14121 560
31026 17257 563
26708 18257 560
20251 17962 564
15105 10691 566
18504 9794 567
13946 6072 564
13676 7416 565
42030 8370 567
42971 5535 568
693 377 570
3766 2633 573
29597 6177 574
16093 15898 573
29414 18687 572
11518 1307 573
35638 11656 576
13324 5940 577
22161 1833 577
986 562 579
39680 13867 579
27765 1893 582
33988 17467 584
21751 11428 584
24506 13432 584
27095 13148 587
22890 3473 585
17733 9800 585
12980 1597 587
42419 7358 591
21764 4353 588
16312 11963 593
11180 4828 591
39257 11261 593
1192 1066 593
17429 10183 593
5018 5015 595
37219 15317 596
33321 18235 599
894 540 597
27916 16964 601
34497 18613 599
15790 1965 602
40686 3147 605
16190 2084 606
41186 16621 607
40691 1485 604
10904 10830 606
6434 6321 606
25925 1509 610
8876 5415 611
3450 3377 613
38503 2751 612
24128 12492 611
33668 7966 614
39352 19371 614
28530 15518 617
7646 5084 616
3138 2771 618
44595 13566 619
24875 13091 621
9734 5717 623
19073 6745 620
43422 1960 621
1756 1707 622
10791 1610 624
20235 6806 626
7178 9 628
82 1 630
23933 443 631
28070 1119 632
16124 16054 632
35344 8688 634
29462 18320 633
11989 8309 634
44820 12277 633
15304 4478 634
34294 8361 635
31443 16686 640
32986 19218 638
38909 13752 640
29297 9583 643
9476 9340 640
25952 3040 642
37177 3272 643
8603 8300 643
153 75 645
6774 6484 649
34046 16898 650
37123 17606 647
15305 373 649
11267 11181 653
36636 5567 654
15964 7816 653
1222 838 655
15039 14622 655
15944 15640 658
13248 11727 655
33114 15433 659
22327 16833 658
7714 7503 659
26226 429 659
42465 13847 662
21330 20239 664
13592 12937 664
9914 9518 665
29475 11321 666
8837 60 667
1630 1258 670
10229 8174 670
45126 4383 669
45061 20099 670
9453 9360 671
38210 8991 675
44067 12953 675
41121 18683 676
35765 225 677
8649 5678 679
29705 17740 679
4326 4004 681
10414 2364 678
14019 13928 679
43459 16876 684
5412 5219 685
17583 8523 684
12407 10491 684
35791 17018 687
9447 9078 685
999 811 687
36029 17404 687
43978 12307 692
19512 12681 692
37395 13391 694
36767 17864 692
23719 20381 692
38681 6973 696
22885 17433 695
28723 20540 697
17528 10661 698
33125 13576 700
2626 2603 702
27196 6822 700
20353 5794 701
23841 243 701
3705 3326 703
14670 14437 707
43908 13087 708
20337 17682 708
3585 3585 707
19038 14280 707
40900 530 712
8722 8672 710
45295 4241 712
18640 4851 713
4112 3793 712
21760 14830 713
20626 3715 715
39250 4293 715
11895 6211 716
18069 10135 719
39253 17945 718
26348 3434 719
32811 2951 724
20898 16944 725
36342 13564 725
26939 19746 724
32102 20275 727
35471 248 729
5149 4819 729
11817 11655 727
36373 20 730
28863 7890 730
33105 5516 732
18478 927 734
12060 5820 732
22199 3906 733
13087 9879 735
26260 15934 737
3730 3630 738
16473 11525 738
15654 5615 738
27107 11554 743
8386 8154 740
32713 14660 741
42515 7321 743
5598 5228 745
10339 10289 747
29672 14647 748
33105 5564 748
318 1 750
17198 7145 752
847 422 751
12425 11158 753
26456 20044 754
29134 16860 754
11801 11514 755
8701 1674 755
29572 20494 759
31599 13190 758
41223 11552 761
35359 19846 761
30089 3298 759
9917 2824 764
23551 15323 764
37015 18418 766
34923 7948 764
38329 12810 765
22181 3949 767
22955 3471 769
22255 1955 768
34547 4284 770
24262 5736 769
26542 4369 774
44361 14959 772
12474 406 775
20244 9884 774
9491 5298 774
9745 4618 778
24103 11923 777
23839 5114 777
1026 796 781
21371 11549 779
26349 1576 783
38089 18301 784
15573 15490 783
43769 19257 786
12970 5956 784
3723 3575 788
25365 16222 788
8653 4904 790
22274 13650 790
10547 4743 789
17339 13939 790
20128 16574 794
11111 6798 794
37294 20670 795
27105 6270 798
15145 14782 797
37773 17629 799
33228 17828 801
37416 7303 802
22803 7575 802
16832 16643 803
20416 17875 805
23626 6987 802
30740 9288 803
22521 10846 805
11500 9228 809
19177 18560 807
25814 16459 810
40138 19704 810
39155 18555 811
7968 7756 814
6234 6021 812
23458 12928 815
40975 15520 814
28679 14968 814
34921 630 815
19133 18837 818
29497 2073 820
37675 125 822
9701 5298 822
18941 18279 824
18420 15284 823
36729 18750 822
24144 14227 825
29316 2598 826
6683 6343 825
32896 10294 827
17351 14672 829
45248 13866 832
9949 9566 829
38518 17999 834
37342 11517 835
16184 2750 836
43058 20698 837
31095 4125 835
21099 63 837
7845 7560 840
41336 18213 840
15519 11066 840
5105 4870 842
7721 7696 841
30189 1028 844
12626 6198 843
7780 5821 846
13879 13800 848
24315 15596 847
35811 9915 847
27410 11455 847
4296 579 849
12988 3513 852
32967 3713 853
2074 2004 855
31039 2974 854
24782 18965 856
10039 4103 854
29513 10680 858
39223 13753 860
39460 11704 859
21687 3348 862
12920 10658 859
613 314 861
12611 8263 863
39010 20248 863
15152 14859 866
32627 10506 865
25512 10933 866
8894 7378 866
22857 19711 867
1280 1223 868
18908 9700 871
5935 5633 873
31237 14512 871
34595 20258 876
6424 6359 877
13000 12858 876
2721 2493 879
1761 1365 879
35651 3322 877
24346 3781 878
10637 10602 879
34018 11288 880
14461 14138 885
33408 17642 884
40667 13940 883
7848 7736 885
8370 8160 887
17577 2318 886
25636 17524 891
10191 10002 889
37389 11471 890
43078 2994 892
1917 297 895
39048 8959 893
5201 5178 896
28292 19676 898
16498 1170 895
30189 5554 900
13255 6037 899
31995 19232 900
25412 5289 900
45032 8057 901
26547 13080 901
17924 9716 902
10054 9705 904
22522 6383 906
690 595 905
27989 10534 906
38598 5009 907
32624 4939 911
42279 5055 913
41826 10990 913
4706 4585 914
26870 19588 912
21256 16667 917
33733 17704 918
34637 9575 917
27653 14944 916
32720 7005 920
36056 19024 918
19931 1654 921
35174 17848 921
42717 1720 921
36932 8787 924
44569 6908 927
36941 10069 927
20551 2012 925
28532 7046 928
23388 1068 927
43722 11318 930
33785 5669 930
16911 16549 930
5479 1159 934
35573 20308 935
11507 7179 937
15474 15073 935
32530 17652 936
31770 8373 939
29783 3376 939
10141 6240 941
37254 9981 941
43017 5934 942
15582 5588 944
12155 10366 945
29764 14568 945
2959 2553 948
30166 900 947
36024 18528 947
18835 7793 949
14318 11807 952
36446 14552 953
45460 6248 950
1799 1358 954
18037 13144 953
42781 14772 953
14752 11383 958
19326 419 955
21791 18926 957
2608 2425 961
1694 1277 958
10511 3789 963
9818 6623 963
5677 5289 963
29241 13990 964
21262 6875 966
361 346 964
21329 18353 966
18730 13076 966
24591 16432 968
951 800 972
28270 19169 970
1663 1400 973
815 765 972
35068 15973 973
19094 13479 975
20933 10468 976
31777 2555 979
2470 2070 977
28529 14382 981
14975 13597 978
15432 14222 980
35465 2030 981
14282 7702 981
9816 9774 983
16756 1432 984
11651 11639 986
1610 1196 986
40074 10548 986
19183 16188 991
3040 2529 988
16928 16665 990
33417 15331 991
32763 94 995
12055 5997 993
12508 12338 996
40325 10974 996
16707 16129 996
32429 2973 999
32727 4596 997
35110 348 1001
39109 19913 1002
21037 13781 1003
43695 17056 1004
37450 9614 1003
24298 7935 1004
43631 4985 1004
31552 7451 1007
42851 19855 1008
16142 3324 1011
29552 13961 1008
38511 12069 1012
43500 8643 1011
17096 7687 1015
27685 18041 1015
39178 9984 1017
40136 12742 1017
16104 1429 1016
25458 3082 1020
22860 18625 1018
20807 20617 1020
44204 6243 1019
31537 14033 1023
27540 4175 1023
34881 17665 1024
32066 16337 1027
16482 16240 1024
12972 12800 1029
35518 12162 1029
32000 19684 1027
37626 11231 1032
20352 16131 1031
21246 9317 1030
38051 12678 1031
3208 2863 1033
20001 2557 1033
39305 19534 1037
7442 3168 1037
43355 20262 1037
40334 5065 1040
11191 10888 1040
25068 16323 1042
3985 3563 1044
42159 11525 1042
40169 9188 1044
7935 7514 1046
38520 20765 1047
9628 224 1047
9540 9375 1046
14655 10013 1047
28817 14842 1049
45147 14609 1052
13094 8738 1053
40358 20702 1053
15192 14363 1053
41862 20180 1053
26231 15372 1056
30589 7478 1057
15808 15771 1059
19820 17868 1057
913 493 1061
36460 5160 1059
21346 7498 1064
44470 19852 1062
44760 6771 1063
3460 3164 1065
40457 6751 1067
42829 20035 1067
9352 9216 1066
27285 12270 1068
16288 15994 1071
14758 13 1071
27589 14348 1073
20558 11586 1072
8140 4976 1072
14124 3300 1073
25089 17929 1076
20740 19487 1076
35265 9756 1080
36644 10640 1077
29040 18765 1079
19828 2870 1082
1710 1410 1084
5060 5040 1082
13727 12944 1083
353 205 1086
17541 3180 1088
9173 8015 1087
24261 2042 1087
43104 8978 1088
12121 9737 1092
35139 13579 1093
20124 16786 1092
14195 4984 1093
31131 331 1094
34278 447 1094
9476 7233 1096
33664 15475 1097
9213 5076 1097
10672 577 1099
35256 3364 1102
5670 2136 1099
17323 11942 1101
27779 6717 1101
32680 13639 1104
4660 603 1106
36748 17426 1105
14671 13958 1105
13073 12677 1106
12144 4373 1107
20006 14512 1111
24051 14197 1111
2459 1709 1114
39041 18395 1111
26509 10673 1114
31633 19579 1116
12109 11722 1118
4498 4341 1116
30005 3906 1119
22465 3038 1119
41763 18999 1121
18890 11390 1122
7506 3766 1120
35641 20465 1125
22349 10538 1122
21346 913 1123
5595 4256 1126
6612 6289 1126
13719 13472 1128
9135 6822 1127
17180 2149 1131
14500 14435 1132
31504 3289 1134
42946 17022 1131
13798 11429 1136
28673 12901 1133
37194 2848 1137
17599 17204 1139
13675 6975 1140
7790 7357 1140
18893 10477 1142
24395 19427 1139
34993 10822 1143
32115 1550 1141
37543 18349 1144
16241 15859 1146
17660 2858 1148
25419 18883 1148
41029 3078 1150
14758 14660 1150
17860 4267 1150
23663 13703 1150
15287 15005 1154
43585 5580 1152
4090 4073 1154
21392 17355 1157
19094 9960 1156
44045 7475 1155
28353 15897 1157
6990 6775 1159
6769 6535 1160
15515 9961 1163
13635 6529 1163
10947 10776 1162
34972 11102 1165
15541 8954 1165
27839 20746 1164
19527 12363 1168
12512 5396 1170
41381 2927 1168
17206 5945 1169
26310 952 1172
24594 2609 1172
24790 7674 1175
9421 9388 1172
24823 2092 1174
16010 11814 1177
37066 8885 1175
12081 9612 1179
6523 6284 1177
11706 9054 1180
20531 6426 1182
45417 12822 1183
36957 9938 1185
45223 14381 1184
8329 2933 1184
9251 3818 1185
27243 871 1189
21083 20678 1189
2071 1878 1189
5254 2146 1190
4732 4421 1189
10792 2550 1191
20097 12409 1191
18723 17771 1195
27510 65 1196
25683 14424 1196
36490 13290 1197
21451 6783 1196
27841 19524 1198
6174 5821 1202
45364 3618 1201
3973 3822 1202
26865 15238 1203
24911 10263 1206
33433 19443 1204
28932 299 1206
42361 6584 1207
7506 7286 1209
32778 12796 1209
35207 9763 1209
20464 12355 1209
29823 8902 1214
43986 6735 1215
32496 14259 1216
34975 18203 1215
2626 2213 1216
6114 3108 1215
17763 15127 1217
22516 18308 1219
32428 9585 1220
5230 4837 1223
21936 7261 1223
1962 1859 1224
27876 17513 1223
12285 12150 1226
14450 5908 1228
15493 1994 1229
25766 15949 1227
2264 2234 1228
16762 16401 1232
15580 4207 1232
30930 7491 1232
18949 5495 1232
34244 9845 1234
44307 8207 1235
9240 6300 1234
16375 9586 1238
42803 13619 1237
26653 2645 1241
17426 8153 1239
28811 8074 1239
30986 11764 1242
33290 20604 1245
31968 8250 1242
19652 8469 1245
36055 14207 1247
19805 2355 1249
18592 10417 1249
13655 8801 1248
44396 774 1251
9336 9054 1250
9799 9003 1252
6069 5878 1253
22347 10067 1252
13454 11751 1257
25316 9809 1258
34284 2250 1255
15630 15276 1260
25743 15747 1257
37345 3299 1258
15273 4007 1261
8503 8145 1263
12265 4806 1264
22 1 1262
33026 8220 1267
39237 14097 1268
25893 3180 1267
30456 14249 1270
29796 16497 1271
35102 19960 1268
19908 1871 1269
35170 19141 1274
16629 15314 1273
32249 12342 1276
30317 9311 1274
32916 6652 1277
42585 20187 1278
36075 18291 1279
33693 18585 1278
37065 15525 1281
23620 19568 1283
20410 7841 1280
33180 19369 1281
24089 12625 1284
26757 4360 1283
19237 16087 1287
33940 6831 1287
25280 11869 1290
20666 6655 1290
19015 280 1290
36997 17219 1293
35072 5969 1291
20710 13471 1294
24174 9320 1294
23291 9048 1294
22439 19925 1297
26210 2342 1299
6330 5940 1299
21186 20752 1298
45190 12726 1301
6979 1103 1301
18579 1078 1300
22188 885 1301
4684 4638 1304
41711 7167 1307
17731 17485 1305
3006 2583 1309
34794 12773 1310
7192 6769 1311
9272 9137 1311
18523 18312 1311
7325 6994 1314
32805 2301 1311
44133 3430 1312
45391 8280 1315
13911 8176 1316
5906 5657 1318
22085 13152 1316
12699 12688 1319
17168 11416 1318
31655 14975 1319
44751 14735 1324
9198 8948 1322
21035 20583 1322
30080 10004 1324
367 320 1324
27395 1621 1325
44151 12365 1330
13313 11496 1328
41244 10319 1328
4876 4461 1331
10115 7464 1333
6129 5863 1332
8047 4267 1335
22894 5314 1336
18961 8413 1337
27960 7267 1339
18202 17865 1340
2169 1973 1338
37624 2296 1341
28572 12437 1341
8517 7463 1343
34563 8880 1344
27697 8486 1343
10529 1255 1344
32074 10860 1348
40699 5777 1347
24783 16149 1346
7053 6943 1349
212 114 1352
35369 11835 1352
1043 972 1354
25948 20798 1353
1954 1548 1356
9966 9687 1354
2690 2408 1356
43445 14101 1358
42761 9925 1357
17287 6054 1360
12413 1030 1358
14441 5401 1363
2309 1609 1362
37190 11891 1363
16164 3985 1363
36726 14995 1365
12948 11287 1367
29444 5815 1366
25259 9783 1369
15564 6166 1370
5043 1730 1372
24599 20805 1372
30847 7650 1371
41293 19088 1371
15856 769 1375
5678 5527 1373
42127 13352 1374
35076 10125 1378
26482 20788 1380
6442 6396 1379
650 278 1379
1581 1274 1380
31902 2504 1380
7797 3178 1385
24447 16267 1382
1545 1386 1384
36467 10838 1384
3289 3111 1387
14852 742 1390
17437 7519 1389
9728 421 1390
2408 2035 1390
14887 12380 1393
24324 13553 1391
28014 11559 1395
42034 14509 1395
1989 1950 1395
27967 13763 1399
28013 857 1400
18554 13877 1399
27685 15116 1401
6607 3523 1401
36458 19602 1401
39616 13676 1402
23905 4731 1406
9342 9043 1405
33375 8576 1406
17506 6991 1407
32660 12465 1406
12294 12225 1411
32713 3247 1409
30321 7158 1413
21822 14191 1410
42360 10444 1412
23003 17874 1413
8269 7882 1413
31325 5921 1414
20737 5796 1419
21409 706 1420
27328 11274 1418
26880 4236 1422
32367 19649 1421
27029 6819 1420
28274 13022 1422
851 530 1426
6991 6989 1424
24204 10201 1428
6745 6359 1425
18401 12846 1426
27393 9593 1430
20538 8443 1429
25074 14399 1430
33699 12141 1433
41277 19830 1431
13003 12911 1432
1828 1737 1433
42233 16857 1438
31046 12694 1439
37787 708 1440
39408 17287 1439
1384 1278 1441
20466 5581 1440
4130 4078 1442
8768 1359 1442
10140 9797 1445
25861 15408 1443
31719 1885 1448
26185 18165 1446
16409 6462 1448
20114 16952 1449
20276 471 1448
619 217 1450
38838 18210 1453
2720 2606 1453
3820 3663 1456
20814 10 1457
10491 9332 1455
2586 2197 1459
8963 8796 1457
31711 8061 1460
11409 10995 1461
9694 5076 1463
32773 829 1463
21634 18766 1461
30637 6483 1462
5377 5229 1465
36272 18315 1467
6294 5902 1466
42504 16888 1468
17623 16870 1470
41844 15558 1468
7934 7575 1471
1170 1041 1474
28914 3315 1472
42368 5834 1475
34816 20582 1475
20539 15647 1474
1647 1488 1477
22075 16696 1476
23510 11293 1480
14553 5616 1482
7096 6825 1483
11845 9794 1484
21527 4969 1484
29462 6518 1485
30909 9280 1486
2391 2025 1487
38232 12154 1485
20521 116 1490
18570 320 1488
11812 1513 1489
20757 19147 1491
13803 6539 1492
4393 4314 1495
28703 4478 1496
32424 11772 1496
35335 6595 1498
42691 15604 1497
26861 16272 1497
229 174 1498
1393 1076 1501
41986 4569 1502
14863 14493 1501
23474 11025 1505
1378 1105 1504
6995 6463 1506
2489 2468 1507
45016 16747 1506
35026 17499 1507
40648 15905 1507
41614 17264 1510
40428 6290 1509
18467 8906 1513
16535 16256 1511
21551 19330 1514
21272 1926 1517
34852 16454 1518
6009 5633 1519
30159 3907 1517
11789 7447 1520
5590 5530 1519
11573 11190 1521
32815 8368 1523
34110 14440 1523
40396 12420 1522
44281 20228 1526
26412 16014 1528
44822 1974 1526
7735 7621 1528
24272 146 1529
4915 4879 1530
38566 17217 1529
24618 12073 1531
13292 12953 1532
37194 7786 1536
7871 7755 1534
4094 4049 1536
14937 14524 1538
2901 823 1538
16083 10349 1537
22957 8689 1540
3257 3141 1541
44944 15184 1542
15554 15387 1541
32258 15989 1543
30478 4452 1544
38796 7909 1544
27352 10366 1546
35807 11874 1547
28408 3724 1551
8968 8933 1552
1709 1331 1549
38654 301 1554
21783 13014 1555
30668 11243 1553
41128 8463 1553
35136 5898 1558
454 217 1557
2613 2318 1557
20793 12798 1559
17480 17210 1560
17744 17587 1562
3226 1508 1560
5051 4960 1562
34024 6442 1564
26597 18373 1564
45387 17040 1565
41431 11009 1569
22068 6380 1568
34784 18740 1569
23584 12416 1568
26301 3977 1572
37207 6674 1573
487 342 1573
34153 6975 1572
39860 9323 1573
5206 5102 1574
36261 543 1575
12858 10887 1576
27146 12049 1579
22975 13271 1582
14617 11557 1579
13793 3800 1580
33471 11550 1581
5517 5241 1582
5830 5501 1586
38161 3831 1585
16462 879 1589
18126 16470 1587
6029 5879 1589
4846 1813 1592
35311 14172 1590
24514 20463 1594
23169 15378 1594
43961 8836 1593
71 6 1594
6324 6174 1597
43866 16997 1598
21487 14781 1597
27979 15030 1599
21350 16499 1598
43251 3320 1603
10548 6014 1604
44990 6191 1605
27053 17081 1606
39796 5347 1605
44094 13234 1606
4485 4094 1605
15596 13276 1608
43366 9108 1609
24043 9917 1609
30095 9564 1612
33231 2403 1610
17508 15019 1612
13994 4974 1612
20275 13608 1616
29879 13754 1615
23982 19985 1615
42672 18558 1617
15048 14826 1617
9511 9509 1622
28303 11534 1621
9825 9452 1623
10219 10075 1622
25590 19425 1623
19284 18485 1623
12925 7755 1628
43732 12450 1625
1744 1429 1629
27064 12544 1631
13036 3598 1632
2369 2189 1630
7335 375 1633
33006 12680 1635
9271 8893 1634
36175 16650 1637
22017 3766 1635
27031 1473 1638
4005 3785 1637
35148 6326 1640
7374 5731 1639
1072 697 1643
14275 10733 1641
5556 5198 1642
41266 20596 1645
39168 1835 1646
42361 13385 1644
35075 3316 1648
35645 2648 1648
12792 3293 1647
15582 15496 1650
29555 17943 1653
13402 3889 1654
38656 11918 1653
17613 2930 1655
18471 1757 1657
15440 10416 1656
24171 17117 1655
26464 18547 1656
21838 16791 1661
29765 10884 1660
16375 1744 1661
20097 15919 1663
17474 17314 1661
27565 8230 1663
26218 1779 1666
39898 677 1668
25296 11145 1665
22162 8056 1668
27751 14197 1667
26920 16917 1670
23028 13939 1670
28080 18311 1670
7703 2519 1675
33118 953 1676
37109 8529 1676
29087 7943 1674
36269 7363 1678
10113 9824 1678
45169 12998 1681
37587 13781 1680
32525 402 1680
27783 8593 1684
659 261 1683
4487 4311 1682
44507 361 1687
30298 3776 1686
44136 2155 1685
21564 16967 1688
27231 19730 1691
10505 8211 1690
25362 17579 1690
42936 2360 1692
28636 7916 1693
14052 631 1694
17239 16963 1696
25985 12925 1694
45053 12048 1696
28356 3889 1697
41872 1164 1699
34909 20606 1698
11314 11073 1700
42076 16592 1701
916 504 1704
32324 9011 1702
1875 1678 1707
33159 18973 1705
25307 6263 1708
4150 4131 1709
23584 4462 1710
30286 17689 1712
27267 9546 1712
45187 8184 1712
5025 4656 1713
17888 9916 1715
4583 4343 1715
15559 10374 1717
13153 12326 1717
42611 7325 1717
9054 8814 1720
13280 5865 1718
17862 2324 1721
15897 15035 1721
23623 11441 1723
32717 11578 1724
3708 988 1724
20337 2094 1725
34495 9671 1725
2659 2477 1729
6023 5732 1729
83 1 1732
27829 16206 1731
31636 11344 1730
12575 10403 1731
6107 5711 1732
43788 18674 1735
4174 3756 1734
21749 11382 1737
38587 13784 1737
2942 2641 1737
21352 16557 1741
13864 7554 1742
17367 4002 1743
28911 7484 1745
25740 6244 1745
45388 16762 1743
6042 2182 1744
30728 8571 1747
3291 2880 1750
44982 8632 1749
16516 13238 1752
26302 20216 1752
10733 10573 1754
36252 17950 1755
34065 5912 1756
13414 9862 1754
13882 13461 1755
36647 13387 1755
43101 8035 1756
7857 7079 1761
27231 2260 1760
40220 10875 1760
30054 2362 1763
43391 14157 1765
12409 12355 1766
24203 14037 1765
12006 11585 1765
42783 18048 1765
29269 9570 1768
25983 17014 1769
24054 20743 1768
42966 8256 1772
11952 1341 1773
11257 1538 1775
8274 8104 1774
32147 507 1776
14102 13805 1774
9963 5497 1778
25037 20539 1780
10352 10012 1777
35263 6193 1781
38487 15739 1783
1617 1298 1784
25076 10294 1782
23365 18744 1785
31677 6699 1787
24948 1334 1788
27529 12505 1787
31951 16027 1790
43964 14832 1789
9520 3246 1790
8215 8011 1790
32207 7054 1791
33451 19586 1795
14738 11705 1794
45233 9545 1793
37456 18152 1795
37660 14901 1796
34465 2344 1800
23335 1049 1801
16767 16539 1798
7284 7246 1800
9705 775 1801
18500 8799 1805
39486 10344 1806
23182 3765 1806
30465 17267 1808
11626 103 1808
45126 17944 1808
11784 6568 1810
800 633 1808
14346 4496 1812
35380 15505 1810
21127 18442 1811
23349 748 1815
14858 265 1817
20534 15139 1816
26306 10002 1819
12737 12330 1820
35325 13061 1821
18180 10579 1821
27746 19954 1819
14609 5080 1821
45052 2416 1822
16404 1254 1824
18506 3301 1826
14363 6535 1828
20692 13858 1826
17993 3705 1826
14911 14866 1829
42802 901 1832
35049 3035 1831
28956 10442 1832
40630 7832 1831
25061 13004 1834
20475 5515 1833
42567 16426 1837
11604 11434 1837
38549 1872 1840
27614 20797 1837
40654 13001 1841
12858 12573 1843
39052 15348 1841
14093 3095 1841
16395 15111 1845
5692 4362 1846
12974 5429 1844
15754 1514 1846
22346 19217 1847
40243 12444 1847
22909 19008 1852
11454 8155 1852
38131 18370 1852
8137 4543 1855
25706 7336 1854
34876 5633 1854
5260 4833 1858
10199 200 1857
38410 16242 1860
32055 11891 1858
39621 16546 1858
8829 6756 1863
13730 10889 1862
45221 14663 1864
7720 7692 1864
2407 2107 1867
4652 4593 1868
5562 5441 1868
8575 8489 1869
4021 1855 1870
14574 14510 1871
44098 14617 1870
17522 16217 1874
27955 20487 1872
8788 8784 1872
37091 8642 1877
7826 4565 1878
1623 1240 1877
10677 7973 1880
9806 1871 1881
10846 10784 1878
22766 19757 1880
4702 4522 1882
30890 12311 1881
15706 15542 1882
40032 6888 1884
39565 12497 1888
19896 18969 1888
20941 3832 1886
43385 4084 1888
21408 7613 1892
1168 828 1891
873 753 1891
1458 1450 1892
38223 8101 1895
5152 4884 1894
26012 5661 1895
33128 6669 1895
28785 7694 1897
33991 4112 1898
5089 4924 1901
35288 8869 1902
747 354 1901
35770 1950 1901
33934 12282 1904
1023 799 1903
37831 12137 1904
12538 12410 1909
9739 9388 1910
43775 16824 1909
36562 19867 1912
31870 9788 1911
806 769 1910
8730 4695 1911
7719 7348 1912
22872 13257 1914
5802 5649 1916
5152 4989 1917
30835 8395 1917
38276 15285 1917
20081 14461 1922
29240 11575 1919
5604 5559 1920
28418 5551 1924
38133 454 1924
40339 936 1926
2044 1840 1926
43912 20782 1925
15092 8401 1928
34553 14891 1930
21367 16169 1931
29665 2171 1932
21550 10181 1934
34602 7795 1933
29900 8902 1936
30088 3394 1937
21149 6926 1936
5014 4816 1935
9924 1122 1939
13385 13343 1940
18890 17194 1941
28616 6883 1943
9203 9105 1944
31224 7130 1944
7040 6815 1944
20301 2616 1943
24669 6147 1947
2173 1950 1949
28564 1366 1948
25989 3922 1947
14332 9556 1951
1195 830 1951
8075 7673 1952
5930 5521 1952
36477 11459 1953
43003 18189 1957
11835 11767 1956
29297 12063 1956
36329 7533 1960
16562 16310 1958
33163 16060 1961
28851 1694 1959
24603 19677 1963
25376 6873 1963
25215 3687 1962
16775 7190 1963
13211 13189 1967
41867 12537 1965
44727 17504 1970
34661 5408 1967
30788 2117 1972
41722 15528 1971
15299 12782 1972
3687 2562 1974
8907 8609 1975
9955 9819 1973
31633 15819 1974
24777 13181 1977
24872 5891 1978
41745 12944 1981
20542 19665 1981
4303 3792 1980
4827 3599 1983
16395 2916 1984
9113 8963 1982
10328 10053 1985
45286 20217 1987
1553 1148 1986
223 1 1989
35952 18171 1988
14156 72 1988
1388 1320 1992
18841 18755 1994
43520 11335 1991
11124 5942 1992
43290 5942 1993
38290 4296 1994
24016 18651 1996
36319 11036 1997
20383 8100 1999
28573 7973 2000
13828 13775 2002
42307 8816 2002
28806 350 2004
15764 14655 2006
21861 3415 2003
15658 15607 2007
13579 7145 2005
23865 11115 2006
44323 247 2011
37849 10522 2010
7313 7061 2011
29317 4696 2012
7719 5088 2015
22466 2120 2012
5719 2450 2014
23259 16919 2017
9734 4241 2016
41512 12209 2019
2437 2245 2017
92 1 2022
22269 10021 2021
31828 16997 2024
18494 8291 2022
17643 17605 2025
2426 2195 2025
10451 10280 2027
1982 1580 2026
10014 2663 2030
23622 17862 2030
37840 12034 2031
13177 13094 2033
27581 16627 2031
15470 15386 2034
8508 8220 2032
5406 5282 2034
27741 1534 2038
34478 12138 2037
6169 5842 2039
26165 6102 2039
23921 11947 2039
8139 5137 2040
10855 10542 2043
29971 4180 2042
24209 18619 2042
23612 13435 2044
18549 1741 2047
9353 9248 2047
39912 722 2048
13627 10407 2047
5139 4789 2048
22328 16958 2051
36880 17354 2052
8353 7968 2055
40647 10441 2053
44596 16502 2057
31655 20038 2054
11289 11182 2055
37397 17508 2058
43169 6549 2057
40776 16351 2060
30405 10556 2060
3087 562 2062
22335 8007 2061
16443 1457 2063
34317 1010 2063
27716 5198 2066
28481 5709 2068
38569 20713 2068
28875 19389 2071
27980 8066 2070
35091 4847 2071
33887 14834 2072
29298 15579 2075
26223 15177 2075
18876 13170 2073
17967 13353 2077
15969 13420 2076
493 141 2079
4011 3970 2080
8352 6595 2080
1991 1662 2080
34492 6724 2081
23229 5260 2081
3746 3745 2084
23766 8733 2084
17326 6759 2087
10950 8000 2085
24905 4928 2086
32074 9937 2091
1078 1001 2089
14597 7302 2091
19650 15183 2090
41120 20050 2091
7078 6013 2092
22550 2562 2096
22617 12688 2098
32335 18963 2097
36525 11997 2096
39953 4628 2101
24961 3385 2100
12471 6925 2100
10329 10140 2102
9675 6076 2104
35809 7604 2102
24312 1394 2103
11124 10975 2106
10902 10493 2107
14740 14417 2109
24977 7738 2111
33900 5856 2112
17153 7488 2110
26904 16399 2113
37114 15766 2115
30126 11602 2116
45288 5079 2114
37115 17579 2117
10390 10071 2119
12715 5611 2117
21216 9139 2121
17497 16591 2121
34099 17913 2120
39983 201 2121
7197 956 2121
6903 6744 2122
23064 10308 2127
31817 19041 2127
28593 17875 2126
2777 2347 2126
26358 9839 2130
44374 14031 2132
9142 9139 2133
21771 20608 2133
14827 7068 2132
8109 7820 2134
17540 6308 2137
24419 10648 2137
20679 4016 2139
20495 5039 2136
18842 17458 2139
39967 9433 2138
19994 13951 2143
11887 11474 2143
10781 10492 2144
39514 17757 2142
22821 20140 2147
37519 7043 2146
7076 6996 2145
2714 2313 2148
15768 8307 2147
18236 18116 2151
14008 13664 2152
9495 4229 2154
32178 8290 2152
1817 1595 2152
5079 4969 2153
39414 8374 2154
11089 10920 2159
21249 6645 2157
17177 11836 2161
22480 11655 2158
16450 16406 2163
38640 19962 2162
8999 5072 2162
16376 15405 2163
35968 7648 2165
21386 13143 2166
13294 11170 2166
1802 1421 2166
7800 7396 2167
10967 1777 2172
32055 9040 2170
6886 6585 2174
21125 7743 2172
25468 4011 2175
45123 559 2173
28228 19330 2177
11984 11798 2178
26030 19612 2178
45021 8173 2178
929 603 2180
1903 393 2182
33952 6310 2183
7409 7233 2183
12402 11994 2185
15712 4283 2187
15612 13587 2187
20952 12928 2189
36999 2054 2188
20010 14978 2191
20894 13082 2192
33821 16872 2192
20342 10539 2193
44822 1116 2194
8726 8709 2193
1492 1069 2197
10864 10559 2196
7154 5290 2195
26873 6582 2199
26460 11423 2201
2814 2689 2201
33215 19053 2202
22728 10048 2203
19899 14866 2203
37176 10839 2202
17770 3747 2206
43961 9581 2207
5985 5404 2207
40586 2773 2210
6690 6565 2207
35846 4267 2209
24845 1765 2213
11745 8906 2212
29022 2667 2213
41911 19411 2215
12921 7229 2217
11534 6776 2215
4803 4681 2219
5273 5146 2217
38924 12769 2217
36537 6212 2218
44518 7771 2222
20151 8069 2222
29825 5842 2221
34525 16457 2224
25959 15598 2227
7501 7169 2228
41554 9235 2227
20006 16759 2229
6669 6262 2230
44674 2724 2231
29666 6623 2233
27518 15407 2232
18767 1058 2233
25095 20615 2233
35247 1830 2233
38746 5557 2235
44784 10415 2237
11311 11132 2239
24462 10345 2239
18512 9516 2241
27083 14604 2240
43678 5160 2242
14171 2477 2245
39311 1581 2244
8304 2958 2246
11430 3744 2245
3173 2809 2245
16372 6139 2250
19599 3173 2251
323 1 2252
38978 18805 2253
32759 14436 2251
1163 843 2253
13752 3307 2253
38022 17037 2253
29017 2269 2256
34839 7504 2258
17012 15554 2256
25614 6312 2260
13161 13065 2259
18582 7985 2261
11381 11130 2260
14336 8258 2261
7174 5364 2264
19390 7196 2267
12841 6336 2264
14691 11257 2267
22282 11604 2266
11321 11154 2270
13160 13141 2270
29748 15041 2272
16899 378 2270
24465 10220 2272
36865 16087 2275
33104 18866 2273
3405 3210 2275
15 1 2276
42899 15500 2279
2355 1967 2280
29002 15605 2280
38833 20151 2280
13509 11836 2280
5183 4004 2282
356 149 2285
10376 2307 2283
23865 1282 2286
27728 14312 2288
25985 15266 2286
20738 151 2287
26658 15355 2292
21295 14396 2292
3082 2756 2294
30230 12357 2295
34737 10553 2296
612 583 2295
7340 6719 2298
42504 19225 2299
33466 11363 2299
440 223 2299
39451 13775 2301
30458 3818 2301
11471 6306 2301
36658 10044 2304
17795 7788 2306
39020 5047 2305
42906 3943 2307
38316 11859 2308
1148 1031 2310
6242 1881 2311
25392 6706 2310
15863 7509 2309
11388 11190 2311
2369 2206 2315
21548 19374 2313
15823 9584 2317
12243 3093 2317
14040 13798 2315
25139 10656 2320
13758 363 2317
30825 4336 2320
23844 17068 2323
43859 14212 2322
10641 6345 2322
39369 12624 2323
3617 3255 2324
3818 621 2325
36036 17750 2325
44852 7198 2326
44739 13040 2330
3521 3449 2332
