300 1000
19 17
11 10 1
21 21 1
92 33 1
113 32 4
52 4 5
112 28 6
80 9 3
117 37 2
29 4 1
67 20 3
86 21 10
107 50 10
45 43 3
63 50 13
15 13 3
82 13 3
50 13 16
118 40 18
80 16 8
41 39 6
95 16 7
68 19 13
34 3 22
106 36 11
101 13 25
115 35 3
21 21 1
31 30 10
109 20 2
47 46 5
28 9 28
82 4 26
94 42 33
38 22 6
78 53 23
93 8 36
101 52 30
87 38 37
96 47 6
10 10 8
49 2 17
99 47 16
110 54 28
53 10 21
96 41 7
104 37 7
98 15 19
25 6 45
77 23 4
63 9 20
67 39 40
103 46 46
76 46 4
115 42 6
97 26 51
116 8 1
110 22 2
35 11 16
67 44 35
95 46 38
112 1 13
85 57 10
42 41 9
102 26 60
83 24 41
103 21 13
45 45 3
82 50 36
79 19 47
29 27 34
91 16 51
33 3 38
104 43 13
85 1 21
69 28 74
76 52 53
23 22 53
109 18 63
18 16 6
27 21 71
24 24 68
43 42 47
70 23 48
59 30 82
106 35 5
10 8 82
37 15 39
107 35 39
79 2 67
81 16 63
35 17 65
22 20 6
114 25 30
77 33 5
18 4 54
81 1 14
28 27 76
16 14 11
52 33 82
40 40 20
94 47 37
27 11 30
21 21 89
60 49 35
44 35 75
74 13 26
64 13 92
103 6 56
51 44 48
80 5 63
41 11 88
113 22 109
23 21 40
106 49 55
87 40 51
15 8 115
101 1 101
46 22 57
15 14 42
29 1 117
74 24 76
69 6 89
59 27 106
39 36 95
119 39 110
18 1 40
107 20 87
22 20 121
38 25 99
113 33 49
49 30 66
106 26 93
39 27 93
109 4 112
86 21 72
22 15 55
22 21 82
104 48 57
18 18 48
78 18 68
92 22 44
36 22 48
18 16 82
63 23 134
62 12 142
56 18 50
119 34 89
114 56 107
62 13 70
39 13 62
52 4 77
92 47 122
77 45 107
73 41 92
70 50 154
34 8 92
85 57 111
119 28 77
78 53 108
24 20 76
29 8 74
21 19 64
73 50 102
34 32 86
104 34 138
10 9 161
19 17 105
10 9 118
45 38 157
98 49 152
17 12 96
22 20 124
111 48 157
119 19 78
67 30 127
61 48 117
46 37 109
114 45 105
65 34 173
94 6 108
82 32 86
40 2 143
103 31 138
73 4 161
115 27 145
31 27 88
101 30 110
78 24 104
107 49 176
88 15 166
108 50 98
37 37 138
47 27 96
75 38 167
85 49 154
52 8 134
100 22 178
43 1 191
34 34 135
102 11 176
93 20 111
11 10 111
49 1 122
117 2 156
17 17 163
64 17 131
68 9 157
21 20 147
119 6 196
47 11 165
29 27 113
61 56 192
57 16 171
96 10 121
68 23 136
111 13 143
54 30 168
30 30 151
81 49 196
65 36 197
49 15 197
68 34 148
42 30 144
112 20 200
10 10 223
101 38 214
91 33 133
119 44 206
83 10 204
79 35 147
98 48 132
25 17 170
101 7 166
90 32 154
65 1 210
36 14 220
39 37 207
50 15 164
14 12 151
118 12 201
36 14 182
27 1 196
44 30 197
86 46 172
43 30 147
14 13 186
78 1 174
92 28 193
77 18 219
118 30 227
106 50 224
66 6 161
98 30 185
12 10 181
57 13 181
50 16 235
98 49 242
14 14 238
111 34 185
58 56 202
119 8 228
74 24 228
112 9 207
29 29 216
47 16 221
96 42 262
68 21 266
110 14 205
21 11 236
57 48 262
103 48 252
114 49 215
19 17 209
64 24 243
88 1 193
67 44 248
34 26 260
107 55 215
28 26 259
51 5 232
11 7 234
75 13 273
63 1 228
54 52 241
29 1 206
79 50 210
79 12 188
10 8 212
20 18 232
35 34 205
85 53 245
28 1 222
78 32 293
102 35 269
56 5 224
28 26 279
28 4 279
70 23 221
66 30 282
