300 1000000000
53419708 51380382
49817153 34352856 1
56854789 41857180 1
45662411 43781383 3
13488951 12393883 2
51037378 19051959 1
16872578 3572856 6
54136574 34833360 7
48016400 46876573 8
27789324 11251211 9
55226442 13390203 10
55939811 41698338 11
35829170 27189044 12
4197338 1470843 13
2342153 1374489 14
15809678 14866300 15
50228880 47596150 16
18928924 15944704 17
42681495 14256122 18
46245323 44241171 19
18390466 17034507 20
8167988 7703608 21
37259301 151725 22
54762909 51906518 23
29286304 26840942 24
41302164 55895 25
9149991 8754257 26
22179751 19620186 27
40680391 38628450 28
40480583 37616963 29
26362510 24550790 30
3595058 2342976 31
24748807 13305043 32
31938110 6365466 33
10093281 828269 34
40120738 37025976 35
42867829 39737228 36
12449234 11565894 37
29169241 11064674 38
55206937 41821645 39
24191840 21475802 40
9001275 8587772 41
20555873 20226590 42
17107259 17042353 43
45735107 31002653 44
34137785 34055538 45
38979808 21550658 46
56298728 10226196 47
37470005 35141251 48
41987782 3011440 49
52061123 30649275 50
24336955 22605874 51
18470802 15710650 52
16860348 15440885 53
56586447 5943523 54
23366193 11342478 55
8155226 6594413 56
46267851 31656314 57
5977245 5805365 58
52525096 34517858 59
11530005 11235822 60
26775540 12434423 61
45354567 35694559 62
9318399 8563784 63
4925633 2285030 64
2775778 1 65
26327417 25051584 66
11349807 10633172 67
52990358 25903585 68
33988233 25158760 69
6174705 4543779 70
912808 897648 71
15291143 13238100 72
18237904 17401817 73
58417849 5356636 74
23405876 18611875 75
45921594 10220851 76
1176916 81052 77
5990704 5223843 78
7054958 4391431 79
5201131 2357415 80
58702989 50813878 81
11010370 10013638 82
13125892 10270943 83
48139655 41438957 84
1992124 1 85
15725430 3771869 86
29453380 28583456 87
35907345 35095930 88
10456026 7432638 89
35620079 35393207 90
375889 1 91
6619501 4531503 92
13899579 5902017 93
28679196 19792964 94
3304549 2488225 95
43522555 37174109 96
16081895 15490469 97
26156039 24643696 98
27301048 25224009 99
52951673 1591404 100
51040449 173609 101
30725936 29939823 102
32947448 26078085 103
30442214 29875988 104
5803586 2961315 105
1535219 1 106
39992803 37658208 107
1545771 943203 108
3069997 2798690 109
30018732 17540174 110
9804397 7604569 111
21439226 1856920 112
34198919 9854270 113
17317271 14101225 114
21772807 17111828 115
42815865 37545031 116
31481984 13170706 117
56336745 17715737 118
53034378 39668019 119
3990738 2688478 120
45821648 26911754 121
19395942 18923168 122
7359858 4330525 123
6057089 5378302 124
54951368 18938605 125
44189528 3796065 126
24288641 21403279 127
46873186 1668276 128
22193601 20564601 129
48445350 20939642 130
53098834 17192145 131
51912444 1970442 132
43681322 37370157 133
53061774 52778599 134
57644470 51340348 135
34769427 26522224 136
10564522 6251404 137
20620939 19678814 138
32057946 29412816 139
39448135 5744763 140
48912165 47372067 141
2610273 2129211 142
14720349 5233797 143
51275894 35945530 144
21639772 6842041 145
21187896 198132 146
15434836 14254489 147
11627334 9039129 148
11696305 11142677 149
11143243 8948023 150
29593561 9100814 151
10226209 6970501 152
14694799 8822581 153
10337964 7637161 154
52899372 43805459 155
47990365 15614408 156
56330052 1750259 157
57075470 55720830 158
37558885 25088312 159
39089263 15496977 160
15320499 12326885 161
43499723 17610496 162
39080307 19031871 163
15029813 12644965 164
21038757 19843763 165
23552128 23550721 166
10455480 8090704 167
52384519 22297603 168
11910317 9724745 169
51779690 13017496 170
52667204 22228064 171
7073232 6505661 172
45102564 31574840 173
6536755 6390797 174
45914553 45637218 175
30228279 28221799 176
44940682 21918169 177
31848452 13756093 178
18158186 4645991 179
52263796 1821772 180
54557281 8547434 181
6854351 3543660 182
41935128 39631526 183
33839521 32320740 184
43883209 36548933 185
17541279 16567726 186
58148041 27758284 187
9733247 9153758 188
41983533 37239480 189
17706932 17226789 190
37357651 35709549 191
29167621 28389459 192
19508792 16774240 193
35299830 35274870 194
53196900 42816896 195
25107977 24059216 196
36211417 26600922 197
24968428 23513928 198
47926508 22514652 199
18608030 16419367 200
4801945 1620825 201
15512010 1459860 202
8219725 6387480 203
31261559 31144646 204
29756026 28752635 205
7086390 6224462 206
38707547 9095557 207
41067811 2699162 208
54373256 49292254 209
14390543 13970629 210
9266924 6028509 211
41386097 3166546 212
7607764 5875514 213
23545511 12550779 214
55216220 7822700 215
11066425 8020386 216
9982187 7898320 217
21081332 18802980 218
47217607 15024372 219
47080388 44173829 220
6154181 2001578 221
8888112 8330905 222
47665609 25401296 223
26367231 7097175 224
58739150 57190843 225
18153573 15569973 226
1814990 1 227
17631312 15663746 228
10385683 8442209 229
51618579 21574599 230
46620098 16453569 231
1456924 1146327 232
42272537 14276547 233
9605932 7828762 234
25424932 22947291 235
47399187 23046615 236
56689822 33482809 237
57226774 20806034 238
17178302 16917787 239
48984397 27361820 240
15258472 13593911 241
21945603 18614296 242
42578324 39934996 243
2909370 581288 244
12442711 10743626 245
40606324 21139943 246
4921211 3434010 247
38845278 36569369 248
10714234 1744323 249
15266025 14310702 250
14252133 10998618 251
22492942 19849443 252
46564494 44217972 253
24795843 23340210 254
18787131 5536661 255
54570462 18075547 256
24459652 24328279 257
16008853 14112691 258
11644004 9107484 259
16580487 13291637 260
11512985 7017984 261
24688958 22436023 262
30582453 13419332 263
39764640 37570078 264
30655705 29439277 265
28271060 5563882 266
10681973 6458314 267
50479862 4399535 268
2499262 1 269
4533524 2967129 270
5373024 4938358 271
4282414 3032375 272
10334994 7657992 273
34523538 4603210 274
53445688 21535726 275
4850583 3659555 276
19432034 5451783 277
38079464 37053249 278
47497828 44465233 279
38460760 35288080 280
55174486 45998229 281
24010492 9876811 282
27268588 26215253 283
47860335 47439070 284
39842553 6590439 285
30685569 30588356 286
33526417 13972067 287
5356459 4038092 288
58363557 25163109 289
52911877 38003024 290
33086619 30209895 291
45936171 4965567 292
48753993 8037783 293
12163765 12130006 294
23728708 20832998 295
25077555 23558900 296
23115649 12995539 297
51550067 24628581 298
46795047 36498469 299
