1551 100000
221 205
499 296 1
977 603 1
1001 456 1
638 611 4
534 532 4
254 220 1
152 96 5
140 87 2
599 499 1
709 533 4
955 952 9
1041 985 6
187 170 13
112 84 14
246 217 9
411 411 6
962 924 12
450 422 9
963 559 11
329 282 19
1018 194 9
553 435 17
314 253 18
1070 1032 21
1073 1061 4
201 38 13
325 322 22
750 748 28
458 429 21
156 119 4
303 280 31
757 217 8
308 263 18
957 533 15
239 212 15
55 7 3
283 254 7
214 164 6
976 134 7
1006 1005 13
392 382 4
177 151 39
262 215 34
199 142 18
73 51 9
125 101 15
262 199 9
289 235 36
93 59 23
618 603 28
816 755 14
432 403 19
527 515 11
923 896 29
641 631 19
1037 1029 15
712 660 25
429 388 26
344 338 55
388 361 8
1056 996 21
757 629 31
902 885 13
473 421 45
326 324 37
472 462 10
122 111 50
1079 262 51
1028 990 42
578 529 22
391 372 65
45 1 54
498 488 34
102 87 61
447 437 4
33 1 10
410 397 33
1073 1069 68
473 457 59
506 476 2
199 185 52
700 652 80
1003 642 14
239 182 79
460 414 39
868 751 66
494 486 84
368 341 64
354 342 14
583 10 4
322 264 13
390 355 84
201 190 77
135 74 79
1000 942 76
218 167 66
236 230 72
58 55 50
716 674 9
330 289 34
464 431 76
379 346 34
138 98 24
462 423 39
377 318 99
719 665 25
970 306 15
216 206 89
657 214 6
616 584 23
45 28 60
995 942 31
829 786 90
542 539 64
516 456 47
113 107 31
20 20 69
456 397 1
107 54 115
636 606 115
146 125 43
174 132 23
805 776 54
471 443 91
22 14 69
374 325 82
706 687 96
483 449 72
229 170 59
259 214 130
793 735 24
283 268 30
638 626 36
974 973 3
539 493 108
297 296 33
613 586 50
372 361 18
1079 1063 3
430 403 101
672 662 87
448 404 9
283 280 123
104 44 14
886 675 60
170 34 142
316 281 132
935 756 111
435 432 5
92 41 34
235 217 71
830 175 84
413 400 129
122 98 115
86 37 96
273 267 7
413 358 19
632 612 3
768 739 47
688 688 158
839 114 3
921 597 131
420 364 130
99 64 42
1009 709 71
788 425 3
366 189 29
864 286 99
627 583 149
720 703 166
153 93 106
350 322 81
509 492 56
810 770 114
313 277 51
434 384 123
693 642 159
933 879 149
300 242 88
793 486 174
219 165 97
746 719 154
1071 1039 21
668 10 54
147 93 61
882 828 159
212 161 75
28 1 123
277 256 93
552 512 103
220 198 84
770 754 100
503 451 103
519 502 185
995 955 154
660 620 130
440 392 179
276 259 174
203 195 78
206 199 101
224 180 67
403 209 47
490 21 53
732 719 157
544 538 151
948 928 39
883 699 187
929 904 136
744 713 169
880 856 7
535 224 206
568 555 42
901 422 153
245 194 17
53 24 169
733 727 24
268 253 205
838 342 114
175 136 114
361 322 2
109 73 83
494 450 186
459 396 211
148 51 121
1084 1028 58
918 907 216
516 509 136
179 150 82
368 326 145
1005 1004 19
586 556 46
62 13 222
972 294 90
177 132 211
132 97 65
733 688 84
144 99 174
708 660 131
509 454 18
927 101 231
70 10 45
333 291 156
906 849 107
623 598 230
826 415 19
159 100 138
306 296 21
484 474 65
155 132 92
961 960 62
936 214 54
691 648 98
788 755 93
437 405 125
520 178 6
778 716 64
74 30 165
1069 1016 204
768 745 100
874 873 85
861 557 237
723 690 245
203 168 166
199 186 225
660 599 145
274 271 51
870 7 260
290 228 191
972 969 233
290 230 186
589 31 205
831 776 132
459 451 242
770 726 40
755 722 62
895 828 73
397 353 163
383 332 130
80 40 73
206 146 11
861 846 113
21 1 219
629 599 247
824 816 161
143 127 274
705 513 259
854 472 106
617 433 117
1060 1044 173
951 937 30
743 721 217
14 1 169
649 601 198
523 474 144
239 215 56
207 183 266
207 152 246
723 715 77
958 949 141
28 28 251
680 670 272
441 385 277
115 106 160
21 1 18
941 234 159
627 598 234
1000 944 268
378 375 117
29 1 233
935 908 189
906 853 8
471 440 221
41 1 1
278 265 285
566 533 232
828 794 165
349 302 157
885 861 69
621 593 145
507 464 90
664 627 260
927 902 64
458 452 81
1056 1028 89
915 226 221
208 160 81
498 436 41
407 388 43
887 432 190
851 789 24
757 720 71
310 262 123
1010 107 70
583 548 72
527 500 214
236 215 191
418 131 132
955 594 287
806 302 135
121 90 304
386 386 174
1064 35 294
612 562 119
234 184 31
600 584 118
1070 538 161
980 959 170
548 505 217
735 674 277
187 159 348
57 51 272
464 3 241
677 636 29
506 488 1
328 291 25
974 958 325
260 208 145
365 334 23
401 382 126
779 4 46
224 162 268
169 133 198
297 186 233
129 112 167
1039 146 297
954 321 119
167 139 288
169 125 334
290 276 142
1003 986 29
365 311 38
875 599 296
716 697 86
187 130 354
855 192 29
373 320 328
583 80 21
132 107 331
865 809 348
439 404 193
164 104 297
910 481 56
45 14 310
1032 1007 182
124 95 104
609 548 306
754 702 89
131 78 309
1032 1002 327
840 777 106
440 416 12
830 527 79
477 447 264
712 654 77
1056 1012 191
235 201 47
488 427 156
539 528 356
606 593 339
869 819 395
663 637 46
190 171 268
688 658 61
171 129 376
308 286 250
1040 991 168
408 347 36
868 123 362
1039 1023 213
69 62 74
582 571 115
1034 573 9
721 680 114
150 98 17
1038 713 365
893 837 300
838 836 392
98 76 6
731 680 1
614 604 12
277 220 161
623 608 167
36 22 174
278 146 9
336 290 67
318 318 393
951 928 338
866 832 54
666 334 303
1038 1031 96
147 100 156
124 83 121
785 720 250
773 768 382
291 238 290
909 682 276
1033 1025 219
285 260 329
150 140 59
578 568 412
1002 946 373
989 952 216
627 563 26
81 43 4
235 227 276
34 27 434
345 311 310
760 753 337
604 582 430
155 103 430
64 29 132
807 792 144
822 400 206
1024 801 438
200 149 322
780 751 74
335 62 298
333 279 281
305 254 143
623 361 170
1080 1023 23
929 433 61
827 187 303
447 431 295
208 206 23
278 239 316
14 1 350
489 438 312
894 230 154
1042 993 269
151 143 85
424 336 245
106 89 202
375 324 229
1067 663 117
133 87 264
619 596 325
461 451 148
481 470 248
869 863 392
213 186 99
973 947 34
321 319 175
993 387 348
271 210 290
518 455 142
180 172 233
723 714 293
969 938 465
998 971 328
728 667 269
129 76 78
116 85 167
15 1 160
1039 1038 253
1001 962 100
238 207 6
921 865 88
392 340 161
998 863 171
37 1 40
450 393 362
385 332 120
566 534 407
223 198 180
100 51 299
632 595 479
830 416 316
907 886 49
329 267 23
914 878 175
597 485 301
380 365 42
601 355 367
923 905 166
894 854 263
155 115 194
115 84 55
642 628 275
559 394 78
673 673 64
314 264 224
524 467 438
266 261 458
764 710 524
292 265 478
762 135 38
734 619 194
556 513 23
102 43 193
804 776 303
131 70 367
896 833 363
341 292 505
660 642 32
626 607 313
601 583 313
356 98 183
244 187 28
642 627 280
558 555 118
692 337 450
587 541 108
91 72 131
821 769 2
385 69 293
731 714 305
570 509 51
541 539 484
270 223 182
315 312 474
652 182 344
236 220 518
578 523 23
317 281 420
584 11 506
294 233 384
197 174 131
357 337 272
611 574 80
836 797 102
75 31 408
668 618 17
624 582 263
262 212 142
387 362 381
394 362 107
207 153 99
658 600 56
602 542 192
100 40 338
364 324 212
799 766 480
281 227 214
766 727 450
842 132 73
528 520 172
263 224 234
238 238 87
260 257 578
199 186 439
870 769 140
344 304 102
939 165 162
243 226 438
482 436 113
767 767 306
889 321 341
965 539 163
608 605 426
838 801 497
655 643 270
73 53 257
610 595 414
349 266 393
172 166 467
873 853 263
698 649 574
173 144 152
918 909 508
202 183 133
996 926 346
434 387 564
451 401 55
278 230 483
755 225 165
59 43 153
453 51 30
512 241 474
262 229 98
883 453 390
327 272 582
140 133 515
348 317 507
15 1 230
321 301 267
672 671 206
173 154 515
13 2 391
731 334 341
429 404 327
599 569 172
547 508 20
587 553 203
909 199 70
216 184 242
602 553 134
862 495 415
938 900 215
1080 1023 361
398 388 147
281 270 479
414 387 214
47 39 605
107 89 15
60 18 599
390 343 259
327 281 514
977 935 605
160 144 164
751 751 611
397 386 362
585 538 179
151 123 282
433 384 361
661 598 582
769 338 134
1017 946 301
253 125 54
1008 967 585
1035 1028 386
899 858 113
258 211 349
586 493 545
110 86 268
728 687 649
1040 979 146
724 62 366
413 388 75
94 77 290
266 226 237
393 345 651
319 279 445
131 69 376
155 136 397
661 358 421
392 163 474
891 513 447
556 528 300
51 33 253
661 321 450
323 276 378
493 456 245
346 309 606
223 177 293
783 333 474
794 782 209
842 828 526
651 595 319
1068 1011 79
128 79 442
947 126 192
505 455 500
1035 994 405
387 333 45
838 800 590
836 779 582
927 895 215
535 478 8
479 459 77
22 1 40
769 708 214
686 659 46
724 700 120
693 640 400
657 623 393
177 117 40
494 474 401
356 314 657
305 261 130
235 176 83
418 380 607
899 855 495
273 211 640
788 731 603
266 220 315
463 433 271
10 1 422
212 190 557
524 510 198
971 941 546
752 581 601
13 1 576
779 742 675
509 496 170
814 788 628
623 578 14
866 848 599
600 589 427
822 621 100
143 105 191
189 135 639
866 810 559
154 128 310
281 219 51
590 542 607
118 68 381
934 882 331
159 139 292
558 525 609
584 555 673
723 671 158
786 777 685
940 898 90
333 311 13
685 625 661
500 439 204
42 1 266
940 752 462
476 433 537
128 111 291
1062 1000 551
720 476 393
92 60 554
105 71 359
13 2 7
120 96 466
900 840 127
1075 767 118
780 734 623
364 352 684
688 48 322
620 618 706
521 513 658
823 776 54
81 42 465
753 738 478
181 125 514
205 173 490
299 244 605
466 438 521
272 104 354
68 67 747
450 404 745
723 587 29
775 481 73
104 57 594
625 582 27
639 589 652
516 498 472
816 804 51
912 896 477
51 1 597
499 1 429
951 397 650
14 1 428
211 209 41
350 318 705
179 159 533
1060 1048 735
601 560 729
252 194 656
155 94 167
420 67 96
696 682 492
894 885 722
723 701 444
743 540 457
272 254 238
123 75 524
35 1 393
233 191 551
515 251 208
557 322 760
805 405 569
111 88 677
369 314 320
1063 1062 649
577 252 201
423 413 689
239 217 728
203 158 190
974 962 155
868 832 797
1033 920 19
533 487 210
780 734 106
193 188 302
308 290 449
390 352 151
491 428 782
883 870 135
124 77 541
983 929 711
338 307 603
683 655 62
349 339 527
1073 1014 458
76 6 257
523 506 440
580 576 428
354 330 111
269 259 445
762 749 320
245 184 236
365 321 79
450 388 242
200 153 545
907 68 147
708 687 780
94 44 435
180 155 502
48 5 164
630 576 122
700 641 361
707 666 105
214 182 278
413 367 127
446 216 479
48 48 135
332 313 43
109 81 14
647 78 204
694 632 159
58 20 460
630 596 145
500 452 769
300 298 667
977 654 630
648 619 343
968 915 715
1082 1036 520
367 328 575
159 111 394
547 539 550
178 147 595
18 1 432
229 172 420
145 135 815
524 468 613
938 903 598
73 48 155
874 847 176
613 589 76
1080 121 794
531 483 797
621 594 779
366 336 521
621 595 863
288 258 477
445 405 836
165 122 137
89 85 272
650 648 384
583 545 864
985 518 395
977 966 305
333 271 466
279 230 741
617 12 810
536 517 417
74 27 593
21 1 275
633 11 740
685 627 283
166 110 162
198 145 85
490 456 236
976 156 518
1033 978 759
943 897 875
926 876 749
142 109 168
686 673 185
57 4 762
532 525 530
216 180 389
12 1 385
673 373 438
471 468 304
863 26 432
571 509 66
409 363 508
816 811 211
760 724 373
744 720 681
622 149 713
101 53 538
202 168 274
1015 1006 741
987 952 540
241 23 695
984 953 217
828 190 562
1084 1064 368
188 133 500
955 896 419
738 363 603
619 601 304
638 486 662
390 368 827
561 524 668
1056 499 469
492 466 852
1032 1016 125
465 416 580
670 233 287
868 830 328
617 609 232
1069 12 12
661 619 56
695 671 876
187 157 137
459 85 19
1005 460 430
1083 174 413
521 468 587
885 830 121
873 861 861
817 768 602
153 112 396
463 69 751
280 276 180
398 375 180
755 727 282
527 492 168
698 236 536
667 266 544
422 376 875
735 711 222
418 385 55
947 145 752
84 21 387
1032 711 338
899 231 893
699 648 720
706 661 168
372 367 846
765 710 573
604 552 621
1016 750 25
891 534 456
45 21 54
71 43 600
720 679 241
152 139 807
536 527 461
723 711 662
422 369 147
106 87 799
623 583 605
101 68 306
900 869 683
932 884 733
670 649 841
720 658 834
809 801 394
484 480 942
472 283 299
119 118 571
959 837 904
94 47 154
383 353 59
539 528 865
296 273 732
567 550 221
102 47 705
278 218 476
478 418 263
820 811 846
611 578 430
113 62 676
313 281 415
12 1 380
485 429 961
129 112 884
159 123 296
915 489 914
999 968 48
279 224 449
917 178 51
748 690 787
326 275 620
210 208 206
97 91 145
426 217 13
76 53 548
545 524 329
527 361 576
505 79 245
475 434 438
409 395 502
607 572 338
944 889 648
542 531 170
204 159 142
831 800 440
959 739 718
1007 980 370
929 260 569
450 391 961
619 558 998
108 50 661
397 363 376
38 17 950
945 912 906
23 16 954
714 659 986
679 665 766
747 413 274
998 962 268
714 697 575
522 517 633
729 714 389
1035 988 808
432 413 375
1078 1051 359
726 673 419
1012 1004 288
407 379 899
920 871 105
567 543 708
380 363 539
489 478 602
379 343 1021
938 475 648
742 701 858
10 9 765
1071 1047 429
287 227 152
30 1 651
957 927 57
912 871 936
1005 372 723
993 990 672
367 366 219
684 627 863
107 48 90
957 882 736
819 808 439
535 495 688
621 576 803
597 572 172
978 554 150
464 442 414
585 542 96
17 1 715
278 258 304
941 397 638
652 445 584
188 147 404
630 612 1014
332 286 465
435 424 140
814 774 658
723 668 582
423 400 944
276 253 114
531 477 330
320 285 354
990 990 1065
84 58 732
668 618 1069
207 153 722
968 961 159
575 523 857
367 306 532
986 970 437
597 12 255
955 950 769
1034 581 310
250 234 299
698 648 499
1029 817 381
33 1 508
1051 1028 108
373 351 794
768 757 132
396 18 532
668 663 880
310 285 981
50 50 397
978 570 1072
672 615 575
888 862 1010
773 729 363
677 629 983
13 1 330
463 405 763
266 219 403
661 610 417
127 73 265
434 410 719
1013 973 575
840 24 815
248 185 330
738 717 686
422 366 878
486 448 896
1074 1059 807
656 639 1016
758 695 545
229 207 796
707 566 343
758 713 622
184 155 678
574 554 467
48 47 802
663 657 607
954 905 438
982 981 325
464 427 816
107 44 755
451 423 979
956 896 715
431 415 818
207 153 162
872 810 867
941 281 460
575 542 791
517 505 1077
324 269 1060
811 778 833
220 162 399
1065 52 1100
344 135 1107
999 990 241
460 404 714
494 474 772
575 531 675
468 405 940
647 373 753
969 963 625
699 658 183
631 497 617
829 788 283
392 368 769
864 803 1103
307 282 171
915 254 248
663 625 675
437 430 1082
210 150 328
718 114 1000
97 76 794
327 287 520
101 55 223
441 418 341
27 25 812
758 758 705
935 648 211
492 462 563
1038 536 1120
947 900 550
272 210 177
759 715 397
20 1 1096
1067 1047 1038
474 23 650
302 269 995
475 472 707
320 304 313
1068 1059 975
121 93 684
399 356 434
543 541 751
321 285 1184
258 195 1007
313 264 539
591 578 489
671 656 275
103 63 511
440 385 953
394 382 597
35 1 385
251 55 265
560 533 865
601 565 909
537 521 427
597 583 566
671 608 380
146 97 888
38 1 1192
907 896 359
929 929 435
571 548 951
52 41 1161
423 408 508
74 73 365
1009 960 968
794 763 997
227 169 1131
316 283 266
151 115 1094
369 367 1059
678 635 789
252 189 347
823 146 438
572 496 341
301 297 1172
795 735 342
122 110 1082
916 521 723
994 959 244
874 818 741
333 330 529
435 432 963
116 76 914
571 401 623
266 251 323
440 231 863
1010 957 617
1042 1 989
867 570 664
1024 167 934
295 255 1067
1031 996 557
671 75 1032
1035 776 672
831 797 274
475 449 561
15 15 1076
302 284 638
174 171 588
124 77 753
565 216 795
72 29 966
827 785 1192
170 166 539
1053 912 598
156 105 378
1026 970 488
272 218 313
765 705 947
203 158 650
677 192 395
737 697 698
364 324 1108
402 383 429
805 796 954
796 739 1134
70 27 952
46 12 363
702 690 1203
1036 485 1118
1004 967 1095
384 71 739
350 297 576
1063 823 552
457 404 1090
619 565 600
409 372 928
683 255 1039
395 334 1015
700 13 815
635 576 388
353 308 1176
421 393 360
1056 1051 354
857 832 1026
554 315 668
256 207 477
602 600 305
817 788 788
741 708 452
1084 525 1029
786 771 466
640 600 906
188 179 1119
162 100 472
685 676 727
532 506 1154
524 510 1109
81 26 629
1051 590 815
433 415 1214
801 782 598
196 157 719
426 414 674
366 316 1253
53 1 1132
635 590 371
801 127 599
87 64 838
77 50 811
919 605 387
586 568 530
381 345 1052
331 303 535
214 214 734
206 192 990
522 466 1044
229 201 852
913 903 965
384 382 1134
514 463 1016
637 579 1303
796 753 806
153 149 769
991 940 855
703 678 539
868 864 794
449 396 456
958 932 346
339 109 916
704 653 530
467 414 698
97 88 783
528 512 608
310 285 1133
348 312 983
405 313 865
309 267 662
25 4 708
533 500 1327
697 639 1181
225 222 944
318 309 902
200 187 683
942 746 948
1071 215 965
308 289 1283
510 228 706
238 231 1271
671 623 574
588 568 891
161 112 452
94 39 596
322 317 1042
526 483 1110
820 232 1273
74 28 422
71 46 737
178 120 677
960 944 563
296 284 1010
89 78 1266
372 341 1080
211 205 1134
657 609 554
844 783 1104
765 706 749
348 306 1197
705 646 477
642 630 1265
754 709 813
775 745 495
246 232 1147
935 908 1093
201 178 506
160 160 629
275 269 676
1008 553 820
729 707 664
354 305 926
669 663 1241
315 262 431
982 968 970
782 473 1162
700 656 1129
849 849 684
78 25 600
185 122 401
789 764 1028
246 237 1245
828 797 1009
177 149 468
672 627 1211
225 175 569
655 596 933
389 381 490
415 408 540
1036 1011 1209
1070 1058 700
1044 921 1043
128 75 569
949 178 708
997 944 983
778 536 1167
769 753 1033
162 127 1025
38 17 564
238 203 790
205 142 469
544 537 635
289 279 1342
191 181 537
933 881 484
732 145 1079
266 210 1146
327 296 784
932 916 845
521 479 759
982 923 1161
632 628 505
110 58 1083
780 738 842
1070 1016 1324
55 32 1005
948 887 483
725 716 904
154 147 978
159 102 710
941 927 982
614 235 753
514 499 1108
100 91 984
1056 1051 973
779 745 1302
688 183 1288
180 139 823
532 529 552
512 484 751
362 360 1200
150 96 1345
931 891 461
520 467 665
131 85 1395
1074 1055 717
750 731 1013
133 120 696
143 36 729
367 336 573
510 473 1289
391 386 746
162 151 1274
77 19 833
458 395 776
441 383 583
802 743 632
530 527 1407
1061 999 603
1009 995 1271
697 49 1336
665 639 1449
540 535 1417
500 466 506
797 797 1451
841 808 798
332 282 1346
923 904 513
920 899 561
461 407 1119
68 30 662
107 103 747
851 819 1299
946 888 1426
17 17 829
526 506 1432
1003 428 480
788 775 601
274 235 1184
219 186 648
287 260 953
451 437 532
145 102 1229
913 832 1244
607 596 1236
91 60 1392
918 277 1119
204 146 955
131 81 1234
118 89 577
430 382 515
973 968 558
500 453 1021
767 723 597
820 776 1211
761 747 532
558 523 618
240 200 964
601 586 918
759 256 708
516 223 923
868 816 886
390 333 1236
738 258 672
495 17 1166
1022 976 500
330 320 1405
1018 504 535
397 391 1062
347 293 1133
209 176 1186
109 71 1402
845 824 951
902 856 1025
632 538 1498
987 978 967
13 1 1349
92 40 952
130 94 701
732 478 1017
364 341 662
735 227 1387
67 51 643
504 461 541
57 46 1154
870 237 808
513 511 949
36 1 844
383 87 1033
812 780 1370
592 565 770
397 389 542
525 387 796
435 402 1126
357 298 1122
61 24 1412
477 433 1042
690 673 646
509 204 669
896 864 630
737 679 1275
152 1 1377
968 952 1372
597 570 858
599 536 1367
623 561 998
401 397 1519
978 926 1034
730 703 1158
961 545 936
178 115 1355
67 56 845
495 450 873
724 688 1452
892 859 1108
184 182 1347
378 356 568
