250 1000000000
53482980 18249943
91860441 66385910 1
66067290 18136541 1
44522893 44312837 1
31400768 24578400 2
105783871 36033662 4
28589569 25289568 6
94793352 4069137 7
81173886 14459310 8
72968876 55228560 9
50121882 5470873 10
54561664 37609558 11
84738756 46883291 12
47336432 43595256 13
106958102 59709777 14
18610957 15606696 15
39733845 18970105 16
51296137 12616912 17
70433804 49371739 18
49248996 45728184 19
61959994 60093666 20
2266526 1 21
40161301 38391881 22
28988379 25496554 23
12487693 11294127 24
45877333 14768566 25
47003309 40608311 26
107050004 29636407 27
54569831 15559802 28
36819242 35288153 29
90442237 16597262 30
29444026 29227652 31
98820747 19727576 32
58092442 15180538 33
28564124 26835500 34
30179911 26612795 35
60814241 60648873 36
12738111 11472938 37
20411286 18451683 38
89566293 15093032 39
84433615 30834359 40
32172465 16459666 41
8792793 5293 42
45584224 41872942 43
59992411 59027021 44
68914995 16343066 45
17409107 16143814 46
1795243 1 47
32371845 28659145 48
80575726 38736865 49
37485326 35828010 50
66687582 9929342 51
13945008 12647004 52
104495481 26170794 53
103735886 16406431 54
21634492 18776443 55
24332858 21157634 56
36487648 10877137 57
108416568 37741909 58
98213272 34877781 59
50648223 47153111 60
37211492 2519063 61
97124714 59711090 62
52536912 8106254 63
12283857 8633453 64
49801377 19710831 65
47999723 44298711 66
16151110 13446979 67
57007546 11254634 68
98414127 12925351 69
92489784 1591939 70
53078091 5832027 71
4180440 1891481 72
64715145 8154983 73
72199090 34156417 74
84815891 22853619 75
49920822 30630124 76
94855270 9052348 77
93413872 46956913 78
75256832 33962633 79
25666101 24803948 80
45174111 42842061 81
8653994 6749865 82
31717034 10453097 83
102241528 66360554 84
110336837 5822898 85
9991001 3989392 86
3841364 1366026 87
84729202 4164414 88
10278917 7476846 89
35828376 10028343 90
10025455 8050907 91
44886757 41245045 92
25385303 537462 93
30689649 24917142 94
38314142 37645004 95
22160304 18313158 96
108827658 17650182 97
55070619 38994893 98
44309671 11114469 99
99288684 12970559 100
108688285 8086114 101
28169020 26882196 102
27070854 24135644 103
30800706 4841418 104
63891396 20733610 105
22622444 18692680 106
28116323 27707873 107
96364403 15891358 108
55755487 46830979 109
6044656 2119670 110
21146324 21011460 111
62552075 60719878 112
98010047 62024282 113
99456508 36447777 114
22320928 21482800 115
71565334 5099205 116
24327254 21293801 117
96665571 17017927 118
91224000 19810473 119
50631437 11513746 120
45333019 3753303 121
19657845 18082959 122
32676291 32269207 123
5449555 4435020 124
43213853 38818374 125
6588209 4484038 126
65919878 13455452 127
21679033 20040794 128
54756707 52605139 129
91551690 21246121 130
45253824 32746477 131
43550081 42215775 132
85269926 11261073 133
54011269 51588603 134
16015708 13015617 135
57523355 30876120 136
34106806 33219271 137
12916076 10168200 138
65839094 62047716 139
55215577 17743805 140
67230649 60375488 141
93007613 65012379 142
29850064 20828488 143
72598483 54647701 144
58570655 53950907 145
92076238 84651 146
44098209 28478427 147
38560945 2020890 148
36656470 36360686 149
34799083 31677014 150
103269519 41473474 151
37556262 16975867 152
109715773 61913958 153
100552031 16799563 154
22156509 20647081 155
10418496 7830961 156
58762961 48025563 157
103997323 6157111 158
28714135 4344961 159
52713223 52650051 160
40441744 35921779 161
50737414 7762157 162
60856746 23058796 163
6305187 3394877 164
106371998 19846191 165
63376546 31255503 166
61654761 58526571 167
88786747 57226409 168
92005896 45215103 169
47452807 44397171 170
17504094 16961996 171
5618509 2417633 172
59911754 40072206 173
100277412 27665238 174
68273284 2275708 175
97645736 16610027 176
42470937 36215779 177
65690113 50940597 178
63986878 47781560 179
81310239 47315333 180
3282445 1 181
14745116 13186108 182
81851099 44186360 183
49909267 24956373 184
96754426 11530645 185
61789355 53085909 186
20208218 18079790 187
27892166 5257695 188
39068933 32597391 189
31489606 16917418 190
79550132 10702703 191
8524585 6363151 192
70353893 65032450 193
11837488 8796203 194
95491263 46114058 195
65766949 62340622 196
28949212 27988281 197
98072494 29762510 198
94717314 36831356 199
92689468 14588816 200
56046269 52494781 201
56961937 54811228 202
109771899 34433319 203
100623022 15332267 204
75606447 56895093 205
32128570 29131413 206
104580107 61018224 207
105759653 17744652 208
17743946 6214864 209
98445547 39026215 210
12683466 10929575 211
56800694 12087566 212
3349344 2481457 213
3441669 70378 214
31276028 29056554 215
18386984 15525793 216
48223855 45472404 217
18919285 16626838 218
68639060 45239547 219
62308924 3900740 220
63243163 56530954 221
89303622 19974201 222
644006 1 223
41999105 19850125 224
37787634 10338296 225
52966561 18286205 226
42484619 25566392 227
4053202 3245077 228
79629379 56620652 229
51295290 50836328 230
8465078 6048932 231
36202286 35399752 232
5437623 3234246 233
83251112 47329249 234
13714770 13537008 235
84846593 5729138 236
81351030 48648613 237
4143326 484298 238
32032245 1559937 239
63976536 48306837 240
25135041 24516270 241
47297250 35315463 242
5802979 3483684 243
43179723 34109286 244
41295522 38907817 245
80163976 8106213 246
30885074 28209478 247
95908170 44869426 248
5964470 5043571 249
