233 1000
124 50
14 4 1
20 18 2
114 57 2
102 46 1
128 15 5
105 22 4
123 16 5
31 30 3
117 65 6
101 14 2
131 65 8
43 15 9
69 53 2
129 20 14
130 43 8
99 12 12
23 22 12
92 15 5
88 25 13
57 52 3
83 5 18
46 18 7
33 27 3
44 34 15
45 37 9
34 23 6
132 40 16
116 15 9
53 7 9
24 21 20
93 29 6
43 8 23
62 53 11
83 22 28
50 3 31
47 45 13
131 48 18
76 34 19
128 34 26
42 28 33
108 10 4
31 29 42
46 43 1
105 32 37
126 62 29
84 41 3
75 41 3
31 31 14
91 3 3
91 32 28
11 10 24
46 11 20
83 38 3
60 19 16
91 30 35
32 8 30
82 44 56
64 48 23
96 22 26
72 41 2
25 12 17
120 17 56
133 38 30
89 15 18
42 41 29
63 22 1
65 13 24
81 23 26
71 35 53
57 38 46
94 46 27
21 21 63
26 24 24
123 15 69
89 49 15
129 47 53
119 45 32
101 40 48
66 49 45
130 44 64
51 22 49
31 3 46
98 33 24
119 56 48
52 50 41
42 39 20
122 35 39
36 10 77
58 5 88
37 13 80
20 18 11
125 2 42
125 61 79
125 18 92
91 31 86
94 3 59
68 11 72
51 50 52
58 33 2
62 54 38
82 20 84
107 47 43
61 28 27
84 16 61
60 20 8
41 14 92
54 15 25
63 43 48
56 49 59
57 57 14
21 18 22
76 35 103
66 22 18
133 10 98
10 9 95
113 1 76
102 61 93
122 21 22
113 14 39
98 51 59
106 65 38
94 29 105
128 40 118
26 25 87
109 65 98
66 16 44
112 24 64
28 28 115
107 46 122
18 18 130
32 13 126
105 27 118
81 17 61
54 42 99
70 58 106
72 57 101
120 9 104
112 41 91
33 30 118
126 26 131
77 47 106
12 12 90
124 51 58
49 24 88
72 13 83
99 60 69
40 11 96
22 17 144
78 47 87
20 17 127
84 19 114
97 47 60
51 3 70
32 16 148
134 36 147
122 23 127
99 15 81
15 14 121
130 57 67
127 36 121
92 47 110
17 10 156
63 27 127
34 14 74
30 27 124
133 62 91
21 19 150
78 27 112
104 48 148
90 37 166
44 25 136
54 45 79
106 26 156
62 27 87
69 5 117
20 19 146
15 14 83
132 7 136
86 57 85
97 58 128
86 62 157
61 18 92
79 24 145
111 7 98
92 1 90
118 47 151
133 58 140
112 40 103
88 12 151
87 49 177
59 48 135
94 10 151
98 56 139
56 30 95
82 25 180
70 30 174
80 65 146
78 59 172
55 52 109
55 32 121
38 37 196
51 20 116
117 25 157
68 15 115
88 29 142
63 62 179
11 11 144
12 12 168
99 50 183
35 32 142
132 24 163
54 36 120
50 18 207
52 30 185
100 47 152
103 44 176
92 31 154
75 1 213
77 24 154
92 44 215
96 39 205
89 13 191
100 39 154
91 11 193
79 23 220
69 61 178
99 18 138
91 19 186
129 42 228
94 43 140
93 18 173
132 53 206
