3000 1000000000
3492205 2585900
5594174 2874614 1
1582577 1338500 1
16874348 3840987 1
4515249 4265613 1
5204146 5046214 3
9628639 2686384 6
9434389 5609065 7
15125689 239600 8
5132653 5019370 9
11063998 5343556 10
18340574 12727105 11
4867636 3166220 12
1280962 658498 13
7013080 2509839 14
4389414 4130490 15
15924188 4246252 16
13725592 4442448 17
5515848 5404891 18
9933171 7026692 19
2812609 2703113 20
12443097 12326898 21
1287191 1131025 22
7910107 7864750 23
510950 395220 24
10969393 3062684 25
13348325 13105601 26
13919491 13240487 27
12715265 3126287 28
9543547 7903792 29
11486090 8288896 30
13041337 12726785 31
11741307 2202877 32
13963059 11150113 33
7947178 7600501 34
14399847 2381484 35
12233615 12060850 36
17959157 8955103 37
2018198 1715053 38
13990750 4938811 39
17069909 16941928 40
2335756 2156889 41
17226548 1049464 42
14327562 1647636 43
15699991 15684545 44
8907909 8880638 45
9941093 9880336 46
4500423 4380634 47
3829302 3550780 48
11438321 11402207 49
14670484 10022204 50
16588153 238231 51
739635 695372 52
8164405 8062611 53
17152285 10867095 54
15150596 4099175 55
13913196 634748 56
2680858 2467577 57
9276856 9009302 58
6145251 5988664 59
633921 439321 60
4702401 4463241 61
6679287 6435035 62
2215786 2024434 63
16102852 9514019 64
11414198 4752953 65
11833433 4766914 66
3640145 3631839 67
10796634 10511965 68
6774641 6577640 69
15114113 8822795 70
15524728 4265781 71
15353245 5988018 72
17566966 2061400 73
12917869 2298875 74
12854439 963791 75
9318579 9090115 76
2423756 2250997 77
7031295 1810138 78
11749697 6314611 79
16621626 1336736 80
569453 352961 81
4832183 1603634 82
17392386 5262636 83
10431514 10287432 84
169177 1 85
1267073 963176 86
2886878 2760632 87
7107198 5878542 88
14789341 14565648 89
15523288 15261009 90
2549838 2314570 91
10445309 10144388 92
7302027 7106685 93
16856568 5533733 94
1196867 892551 95
10749019 10707626 96
2619886 2536449 97
17614183 10764653 98
7917126 7710770 99
5040436 2534995 100
12793789 6194171 101
17412688 9743099 102
255635 229012 103
13918013 9743100 104
18129318 293081 105
2843022 2749995 106
17929056 14716194 107
8713063 8597968 108
5749290 5741776 109
3386500 3086405 110
12590464 10278811 111
3548970 3346764 112
4342565 1452057 113
17841345 4284728 114
17050929 7355322 115
17840870 13522249 116
12111515 11941362 117
13293262 13073456 118
13226039 12982569 119
3382071 3056339 120
14630649 13728608 121
17708025 17101395 122
7936614 7732113 123
9485233 2487001 124
2897294 2768285 125
9849797 7471081 126
14422955 14392447 127
19884 1 128
10967539 4027302 129
11274820 10981191 130
13052343 12990073 131
17524160 17473260 132
4082380 4020408 133
12556788 12507766 134
9626114 3971319 135
17633113 13775811 136
9556151 9354638 137
9561146 2079134 138
15901795 11335609 139
102753 42548 140
4439380 4135484 141
3842841 3651529 142
11526635 6745684 143
6021211 4904969 144
8775818 6844550 145
2945778 2783247 146
1151420 1021717 147
8789258 8139423 148
11724978 2612689 149
2413128 2164674 150
13569418 6552522 151
6811200 6496354 152
7373132 7235747 153
2017610 1973369 154
8922647 6584459 155
3287033 2456571 156
15109538 7245554 157
8882553 8879963 158
9164320 3225010 159
7270093 7124912 160
3760195 688720 161
16768899 11784272 162
5031190 4244390 163
15948598 11073426 164
3597310 3132630 165
6079751 5842055 166
11435260 11246552 167
12652320 4338231 168
14041617 7906207 169
805799 747183 170
11477715 11425595 171
6014019 5866599 172
3231853 3183947 173
12309866 12251316 174
12963817 12686058 175
9958204 4658535 176
18508738 14046207 177
1887579 1613456 178
11833710 3777238 179
6963548 6769284 180
3017420 2765526 181
10102080 8463733 182
8355390 8254634 183
3946119 3718356 184
15940918 4665148 185
10591896 10433693 186
9515788 3627181 187
14012092 1723164 188
10975110 10837176 189
239680 94793 190
9505587 5576100 191
167674 1 192
3889211 1362105 193
735015 730064 194
7839988 1732543 195
5449334 3557555 196
15678650 11191484 197
2022198 1745146 198
9990379 5090667 199
3811764 3747507 200
18235549 7945338 201
18351846 5049321 202
9062426 6473303 203
13494451 6717855 204
6597855 6350919 205
15502945 15238336 206
3420774 3390083 207
1878715 1802262 208
1373188 1092030 209
188851 1 210
16433605 7680428 211
16404360 12711218 212
9675710 899143 213
4393133 4287958 214
2654005 2344697 215
17743719 16909252 216
7669810 7412917 217
10897756 5916812 218
14884389 13003919 219
9758956 3929646 220
14115344 13941526 221
6878072 6876924 222
636637 467578 223
1669518 1548453 224
16555706 10850822 225
5313023 5171672 226
6570317 6471775 227
8552738 431579 228
8457716 631525 229
5121957 4925403 230
10094834 1289721 231
14035572 806626 232
7959501 7836307 233
11479864 10062688 234
13426522 13179671 235
8332835 3160305 236
1088915 759597 237
17429931 2694631 238
5919935 5649984 239
4805171 3913537 240
17232026 15622909 241
2652956 2585130 242
1600937 1308399 243
5144706 4910501 244
17586938 1374700 245
8210413 8109241 246
505882 281351 247
16302549 3250398 248
5848921 5695963 249
7275265 7056467 250
10550551 2579305 251
13849508 13633761 252
10052341 8562224 253
15316494 14025530 254
6080502 6024456 255
16480686 10097199 256
9062718 8990848 257
16455546 1348614 258
6423295 5027189 259
11576425 6498861 260
4858633 4614758 261
1266118 1219062 262
16551988 7258838 263
11024537 10883996 264
6535354 5425442 265
3015678 2713848 266
10822083 5527064 267
13186613 10246019 268
9629159 8676324 269
5072876 4753968 270
6680609 6117040 271
4989651 4732702 272
15398597 257884 273
14382711 14229817 274
8048376 7962564 275
14692767 7379513 276
12937645 8723361 277
7838764 4762562 278
7444360 3490490 279
3630461 3335724 280
15248849 3581466 281
4495018 4237891 282
1219336 1107403 283
11740314 335353 284
4319442 4033189 285
10744825 10737957 286
12187563 11976795 287
12068054 3244863 288
4764896 122064 289
1863377 1664884 290
11771764 1790821 291
1071923 907608 292
9651999 9431274 293
14473772 472263 294
15150629 8852338 295
17702782 17490931 296
215187 90043 297
16313935 12633031 298
5589180 1514712 299
14972304 13132110 300
18138445 12893195 301
658698 421927 302
10075638 10062264 303
6739460 6443497 304
212974 1 305
2746689 2422534 306
4206689 3130840 307
12749333 12436815 308
198977 44020 309
7683795 7362872 310
8593787 8454092 311
3049338 2896661 312
3238165 2878696 313
7294844 7102420 314
10610380 10442434 315
8964714 3280259 316
858964 672944 317
17214925 2319135 318
4812141 4559018 319
11954653 4894685 320
7637324 7533775 321
3278613 3100448 322
9167253 7167853 323
18116889 9276736 324
8692135 8399125 325
11383513 2590071 326
10759656 10475830 327
1771103 1770573 328
11857592 5006618 329
589678 563015 330
2961701 2959555 331
17697758 17650915 332
12836082 12676920 333
9622436 9300995 334
1992111 1662055 335
14558507 14318590 336
13815011 13518049 337
8822543 3314381 338
13000002 5847280 339
3720013 3511946 340
2959499 2870416 341
12151114 10480953 342
9089746 8585236 343
778487 718820 344
12022256 9609059 345
1594599 1496983 346
6059489 5963067 347
9165572 8835887 348
4174818 4151706 349
1697608 1623700 350
6878364 385444 351
1793654 999289 352
4694823 4691200 353
6686646 5925258 354
2748686 2635591 355
11959133 11739919 356
6384649 6108098 357
15682211 4855222 358
8116896 7883319 359
4737676 4491505 360
8896673 8102614 361
15373546 15352747 362
6582510 6579233 363
7647823 7611448 364
17011186 14971556 365
17453421 16281342 366
6149665 2340720 367
15363314 3406082 368
4755306 2286475 369
1106580 975864 370
1829654 1528605 371
10893921 10863588 372
6441861 6208480 373
8157239 7832954 374
13370612 10175634 375
1223520 1091423 376
8506404 8298450 377
10683398 10358594 378
10093032 2388837 379
17511240 5966178 380
1150753 892804 381
6398262 4982798 382
4970529 2405280 383
4775871 4678476 384
18463765 16702863 385
16792537 3281197 386
15772409 8552291 387
5887769 5855163 388
8262880 8094834 389
13158655 12038311 390
11562423 11454773 391
13121267 7009106 392
14953767 7152158 393
10676091 10674144 394
3368124 3075948 395
7779391 7684308 396
16948602 4155174 397
10502037 4538718 398
8304320 8013765 399
12862278 9352501 400
14775958 3168200 401
2457389 2321183 402
12835499 7887274 403
1606861 1540975 404
16478853 15021469 405
17961857 7048643 406
7955149 5353722 407
9155030 9132395 408
16045257 8793168 409
1897046 1573332 410
9758599 9574169 411
1735279 1444634 412
14079225 6956948 413
17105676 6995096 414
3559779 3445788 415
7551135 7460727 416
17042697 9052390 417
932091 523900 418
15971981 13338146 419
4242869 2803090 420
18002461 11265716 421
8648974 8375170 422
7413850 7225065 423
12907267 1151943 424
16280950 6925849 425
8658696 8495033 426
16308207 4081934 427
4676761 4424330 428
16623414 3731363 429
11991859 3237427 430
13324975 13320981 431
12092680 3311403 432
11643293 6256846 433
17280579 16824780 434
12988351 12772319 435
18064221 14562877 436
18162057 15559691 437
9597978 9377721 438
15500798 15271939 439
10857864 10709628 440
2372378 2086564 441
17440929 3333427 442
9031273 2881257 443
3247563 2974240 444
10960477 4114075 445
1286723 1056386 446
6953420 6636279 447
14160067 4182834 448
4505006 4214359 449
978473 677609 450
8052464 7791708 451
11827797 11608684 452
3636405 899771 453
6923766 3590168 454
76784 1 455
8402981 5113603 456
16586624 11796526 457
14789166 9176401 458
12771329 4905619 459
2745541 2497528 460
2718222 2464754 461
8174968 7873371 462
7463707 3070896 463
17988956 8174145 464
160677 1 465
12977488 3233682 466
7124344 6857896 467
9116055 7825103 468
16327603 13860348 469
6022497 5923427 470
3708350 3417840 471
11004315 5229847 472
8897639 1531546 473
5767345 5564123 474
13079408 972705 475
8300171 8174819 476
15149159 53120 477
1015721 989191 478
1469065 1160226 479
10789210 6732422 480
4074272 3989764 481
3150996 3077672 482
15003518 14928036 483
14927399 8996614 484
6640123 6432024 485
11990881 11706344 486
12774805 1526058 487
4842297 4746575 488
2754538 2670338 489
14622368 1454472 490
15948303 1813140 491
6723559 6612266 492
16577370 15245756 493
3456972 3447015 494
13181352 12973622 495
16274357 9893351 496
3121163 2849648 497
13202219 1240579 498
18434287 17144096 499
16139471 7745562 500
16111075 14230744 501
12038778 32120 502
14352671 14293841 503
13733304 13564978 504
3719591 3634056 505
9048916 7525872 506
7392336 7111137 507
2780193 2603433 508
12499592 12269815 509
1945841 1734415 510
10395827 2025989 511
2307461 2014617 512
2465864 2284363 513
11855267 11617769 514
4128182 4041996 515
18246736 14205937 516
13265692 3090571 517
10832373 10622244 518
13274240 9758928 519
6134764 5257474 520
16325639 88984 521
12928901 8651127 522
11791751 11478157 523
2165685 1960617 524
7846422 7623164 525
2243477 2007719 526
17160511 1315905 527
11420024 11231133 528
6907900 6660626 529
4141315 4126470 530
14717276 14476876 531
7298554 875785 532
3366794 3320715 533
13833363 12122719 534
15167320 12174986 535
5596365 5431160 536
9397370 5547200 537
13172732 13037727 538
15624161 15547952 539
9976743 8268150 540
7417386 7358256 541
9048830 5503691 542
1036744 764523 543
11938402 11806609 544
3589329 3332963 545
13310597 3532739 546
17664608 2116012 547
7307908 7160014 548
9765192 6337770 549
7488865 3485081 550
6013464 5781732 551
17149280 10615890 552
6416667 6228757 553
14811580 14485090 554
5470028 2629862 555
13058242 2282384 556
17238046 13474363 557
9272312 9050208 558
5321041 2608119 559
8561545 4567875 560
16225950 15939772 561
8419448 8392499 562
378918 188822 563
5119672 4890899 564
1018888 727046 565
15811860 15607626 566
10225684 6626840 567
9550389 7152138 568
12580812 9477099 569
4390869 4120230 570
5110686 5019672 571
16141899 1277197 572
5038124 4897751 573
8310082 7499901 574
15597203 6093191 575
6685614 6551177 576
12645789 12126537 577
12320348 12291328 578
4430085 4224166 579
5797786 5591806 580
478694 263056 581
6730950 6446838 582
14581045 14464598 583
5951626 5812456 584
14568569 9398789 585
5427520 5402220 586
1323204 1201991 587
6404812 6148694 588
13150241 4822874 589
11226079 3092240 590
853755 547439 591
11706769 6367174 592
16597414 5137153 593
12255928 12144682 594
17226847 7679999 595
14373422 2541487 596
13805184 2253312 597
3861360 1680065 598
4995569 3709246 599
11814687 1038248 600
17609988 2752136 601
5594686 4643917 602
17757847 7413908 603
7129983 7058001 604
9734646 9456012 605
4467423 4242309 606
2595038 2344494 607
10568188 1573435 608
15157344 5689283 609
13290129 12008470 610
6232243 4514042 611
17756990 1179313 612
8793616 4283930 613
12964237 10590501 614
5980566 5874732 615
13586690 13494542 616
8051613 7839958 617
8828577 8737354 618
3789657 3536507 619
5494510 5168031 620
54153 1 621
12079862 11858696 622
8197026 7875107 623
7538299 5521270 624
13125108 4502310 625
2267823 2194958 626
14045579 5521744 627
2793364 2132406 628
9159790 2753622 629
2033719 1741478 630
3517594 3272192 631
16794867 11882692 632
10404755 7931449 633
2704042 2447320 634
2317393 2260725 635
6262877 1748871 636
7426809 7300227 637
1926462 1686074 638
4137333 3872823 639
8743238 8624794 640
16194045 12306857 641
2406483 2255957 642
8560418 2882443 643
11616288 11609948 644
1980225 1912253 645
12805792 632685 646
3566676 3304555 647
7853568 7644654 648
10585436 2721670 649
10836306 10681454 650
17972201 17708909 651
15097932 6100195 652
841139 750455 653
16604258 13230191 654
13668468 13523444 655
728428 499447 656
10677931 1271023 657
981503 761738 658
14189766 5501821 659
12187130 11987981 660
10671271 10325915 661
14004570 1002981 662
10562354 5435764 663
10743007 6356832 664
14221461 11632104 665
1219507 1129639 666
629726 443588 667
18278410 266938 668
3250198 3214561 669
5490563 5267922 670
5746190 5415457 671
6678568 3790243 672
1741282 1660376 673
2659070 2353407 674
16915180 5559212 675
9934818 5654241 676
3758161 1929480 677
10628455 10455068 678
11646681 5662994 679
11975839 8722154 680
8024361 7326907 681
15889084 15577897 682
10841655 10595018 683
2616418 2567513 684
1365521 1359443 685
11051343 3931431 686
3786845 3511008 687
13901827 13118525 688
13198200 13138159 689
13200330 594561 690
3813181 3657725 691
10255512 2971577 692
4259487 4034388 693
7806925 7055768 694
12349161 1102550 695
16980989 8779209 696
15709939 15476817 697
4783946 1510801 698
17100452 3715627 699
10212932 10137532 700
1212666 1122564 701
1346268 1134236 702
12622728 3825017 703
8480334 6488139 704
13508386 10182641 705
267200 183744 706
16818634 16719718 707
17815396 14608752 708
18135275 10175771 709
10870603 10649447 710
17235402 1820614 711
12205578 12186679 712
5106218 4866670 713
10271755 5740340 714
6117653 4618775 715
9759296 1322676 716
7193406 7106785 717
191714 348 718
746306 473227 719
14726524 12219371 720
7270215 4641549 721
6657865 2327877 722
5971022 5908749 723
1039130 803523 724
13213551 9319462 725
6364910 6342933 726
12951402 12691752 727
2779082 2513721 728
326755 233440 729
14426 1 730
1309603 1232350 731
6019999 5861118 732
6449796 1930000 733
12417704 1658680 734
10555735 10452509 735
667299 446231 736
410945 86920 737
34239 1 738
13106908 5284290 739
1962154 1948240 740
12845127 102701 741
18270062 8348106 742
5522720 3342688 743
12948397 1325923 744
6302147 6216680 745
16842909 4166620 746
7808050 7728118 747
3993442 3945407 748
3781362 3763612 749
6650045 6337808 750
10145726 291359 751
8403636 8374333 752
16281390 1933816 753
4610455 4604172 754
6784294 6541343 755
7859867 7726256 756
4471511 4421029 757
14879646 14842563 758
17902416 4866729 759
10375440 10223970 760
9977844 2694867 761
10200058 10128121 762
12755048 12737528 763
9440777 6141972 764
4483689 4310990 765
6438429 6365447 766
4348574 4103355 767
5864135 5720895 768
4223825 4192999 769
6632479 6630135 770
10452297 10181248 771
5244921 5067472 772
11509050 11508785 773
892613 775629 774
97203 1 775
124151 1 776
16284443 15050217 777
3733864 3503020 778
2894898 2583451 779
8907423 787335 780
14053514 10866530 781
16912330 12183960 782
17376137 16679117 783
17426766 6327191 784
7169776 6915593 785
11463706 7161552 786
11121899 7390821 787
17302019 4763568 788
1753004 1692094 789
289179 1 790
12593235 3589039 791
6806416 6789410 792
11966243 8927118 793
2742185 2586650 794
1147889 1108770 795
7391785 7340717 796
814919 598624 797
6365338 6361869 798
16990906 11673207 799
10687909 196306 800
11166335 827034 801
5682324 5534798 802
13658163 4386484 803
12788041 12631774 804
18233201 16592132 805
18067746 17453275 806
5429994 2237314 807
15839925 14321474 808
2519981 2207653 809
11956740 11850617 810
13572349 5358075 811
10388327 2189156 812
6506166 6503522 813
17328951 17225271 814
8722384 8411732 815
9595010 9468273 816
3224485 3106111 817
13137477 985132 818
4805389 4681900 819
14854922 12638626 820
9828627 292985 821
4433909 4417351 822
2290514 536293 823
14897833 14651677 824
11394770 11079157 825
499396 254297 826
8230221 7960402 827
4344167 4135596 828
17969855 2167169 829
17334015 5117525 830
16450209 6283229 831
960176 689221 832
7158332 6878220 833
2253823 2144373 834
8246610 5910332 835
10843594 10628729 836
685605 539845 837
1123657 880813 838
8072622 7929524 839
9011309 8741472 840
7148612 7095847 841
9675619 9465567 842
8271169 7291531 843
12874531 4494173 844
3333466 3240200 845
11842225 1299232 846
7539116 7381935 847
8099178 6515007 848
9613871 9538698 849
14734583 1437233 850
10758892 10489124 851
5719694 4413901 852
14519935 14353163 853
13533149 3469563 854
9487854 48563 855
3178760 2868043 856
12734565 12444637 857
8242288 7948426 858
640642 623064 859
4273007 4176829 860
4864087 4546773 861
6315276 6118943 862
6832638 4973809 863
18189113 12604625 864
15456164 7019351 865
752585 534438 866
17871738 2201354 867
4579930 4421561 868
673893 556599 869
9689289 8762637 870
11733489 2412408 871
2861882 2598397 872
15594136 9478480 873
1296110 981118 874
9517731 5905459 875
2552577 2265923 876
9638234 36104 877
5686038 4661288 878
12877 1 879
17808170 17652976 880
11794499 8530085 881
2076581 1864757 882
15931693 7024548 883
12787694 2947985 884
1746785 1682753 885
13506754 10207523 886
1886049 1717959 887
13059077 10509466 888
2139405 1855388 889
12653461 12354939 890
2763228 2675705 891
12711645 8288061 892
3969686 3912819 893
15448973 12893888 894
11492842 11378007 895
11889218 11801162 896
3826158 3588899 897
5981972 1098515 898
9869354 9578436 899
16888408 10784634 900
4482911 4431289 901
11465432 11155887 902
3726868 3655669 903
1830017 1742429 904
14604689 14463096 905
10041792 9891951 906
3662413 3516295 907
2777115 2581355 908
11274790 7792332 909
3200463 3034270 910
9035024 3904171 911
5992255 5987885 912
14967488 820797 913
17102172 2943462 914
5579210 4663893 915
3394726 3360155 916
13681796 7409534 917
9424774 5912696 918
3171968 3075184 919
11542364 9062354 920
2631718 2380601 921
17740768 9840390 922
18273613 6336928 923
15149416 14958264 924
443768 187372 925
11771459 11730504 926
16519061 13602253 927
5050150 3962081 928
13345969 11204312 929
3796307 3491332 930
7561336 7275828 931
15137600 743371 932
16452730 12923702 933
11620439 560792 934
5914688 3769666 935
10288558 8563112 936
8487578 8294074 937
3678991 3667129 938
13961564 9538359 939
17888217 8445421 940
13411486 7722067 941
9188864 9174320 942
2437420 2257207 943
14491831 14300924 944
4556638 4472258 945
8563107 8494387 946
3257240 3207189 947
1227660 903071 948
17660774 8135191 949
5393362 5291356 950
17418998 5227519 951
3764209 3497699 952
398048 177359 953
9657984 9447847 954
14839820 6163060 955
16356914 1644230 956
17973202 8165730 957
418316 415272 958
8261676 8043769 959
2011982 731971 960
12413599 12145231 961
17484705 4790120 962
15685515 8740532 963
4130870 3893989 964
4017460 2712425 965
14227698 13921986 966
5578457 2588796 967
15219556 1134321 968
1713943 1702736 969
4799614 4792864 970
7718218 5912225 971
15652211 5516958 972
1570423 1266361 973
9472795 9227618 974
2648133 2386638 975
10708239 8502577 976
4314354 4264747 977
17869263 12311912 978
13404161 6654753 979
10327116 10277138 980
18122094 6590516 981
6117581 6019351 982
12295165 5821379 983
12648735 12588118 984
18362520 8799596 985
11825293 11616507 986
16214255 267982 987
2618986 2401780 988
5707494 4823308 989
4678659 4376358 990
9677580 222051 991
7943066 7828550 992
4770214 4456283 993
14780723 8503901 994
1278241 1000230 995
6726808 2873390 996
9284184 9118851 997
5408215 5088803 998
6459342 6407392 999
1812894 1642295 1000
17839585 10839086 1001
18075953 17104169 1002
8619247 8416531 1003
839693 797355 1004
17559235 1757256 1005
9220609 9021110 1006
15266038 5064931 1007
17897826 17483195 1008
394410 342591 1009
13217490 3532844 1010
3753531 1200663 1011
17277393 9774475 1012
1285066 1230187 1013
16765783 6764101 1014
11454570 11227728 1015
5896735 5748020 1016
5772943 2856301 1017
10429237 1264068 1018
8218471 7908329 1019
15312740 8617658 1020
5154823 4668414 1021
10041822 9964633 1022
6920549 6702484 1023
8664956 1657462 1024
14336603 3743574 1025
454960 201092 1026
6811588 6509504 1027
9575249 6100113 1028
18172760 5610318 1029
8549408 8295991 1030
13660158 1079776 1031
12175657 11843671 1032
5812860 5517352 1033
11672092 11481753 1034
2186751 1987813 1035
14860540 3132360 1036
10560195 5038913 1037
12472924 12233297 1038
7626938 7316239 1039
3794149 3677683 1040
15454247 15040035 1041
17831367 10392391 1042
15715228 15666239 1043
7965579 889330 1044
8957321 8703932 1045
4341550 3025874 1046
452082 402764 1047
6862859 6635924 1048
4371415 4121103 1049
9510438 1319825 1050
13809364 6594098 1051
4083742 1011523 1052
2202280 2034966 1053
3124871 2833236 1054
4428958 1804704 1055
8681564 8581526 1056
8612406 8535604 1057
15585071 5187250 1058
17873192 7937798 1059
17081799 4341650 1060
16570277 9409941 1061
9505600 4909286 1062
13400217 10260050 1063
13774718 9932818 1064
7043646 6823743 1065
8512157 179938 1066
11677079 9666581 1067
6597572 6406929 1068
3862417 327965 1069
5514587 5375984 1070
2224437 2187454 1071
9807088 7960871 1072
17526878 6702034 1073
17232997 989099 1074
17387799 1344728 1075
5680789 5512354 1076
8872421 8646075 1077
10619747 10347650 1078
2179061 1864308 1079
1335894 1238268 1080
475549 237327 1081
14171712 4749047 1082
1019944 982248 1083
9944112 9928698 1084
1919914 1789844 1085
6851933 6811293 1086
7006170 6923630 1087
12665183 12609712 1088
10025692 7036096 1089
9685551 7632475 1090
1733324 1683638 1091
15465769 2799117 1092
9247333 8869769 1093
13047385 11159937 1094
9752906 1316786 1095
11614593 11489858 1096
8083472 4272151 1097
13366744 6740926 1098
4856555 148637 1099
4345 1 1100
1904276 1863308 1101
11536408 10096612 1102
4624642 4341493 1103
3702967 3498758 1104
10620157 4744916 1105
16192973 15867747 1106
13209620 12970551 1107
14828631 14580407 1108
5103753 5067770 1109
3366702 3212378 1110
3617560 3521486 1111
12637720 2219680 1112
16546179 11434371 1113
10697903 10376463 1114
10993405 7559502 1115
660178 471547 1116
8713332 8639717 1117
7142864 7111835 1118
805961 229448 1119
6502901 6255375 1120
5656817 5560473 1121
5778828 423273 1122
1060660 927953 1123
8800547 5480368 1124
1306743 1105378 1125
5459610 5370393 1126
7886576 7656510 1127
9834203 9675150 1128
13038493 3377034 1129
11659652 4367519 1130
5014296 4881678 1131
17307775 2501788 1132
9025846 3799186 1133
16888769 5826189 1134
382422 129229 1135
8373148 5049641 1136
332956 76823 1137
1328364 1092032 1138
7553530 7510499 1139
3142665 2920699 1140
2721365 2632807 1141
5838761 5675471 1142
8840966 7344223 1143
8202446 1706442 1144
2294406 2008091 1145
3129632 1849995 1146
11397770 3733791 1147
18039572 7097999 1148
8502391 2104144 1149
9100480 5471953 1150
8850760 493744 1151
14312113 13234393 1152
17999385 7724630 1153
8602731 6483771 1154
881245 855191 1155
2553937 2514368 1156
15307645 12027490 1157
9568097 9362395 1158
12108533 2270399 1159
13138609 13114783 1160
8460241 8231694 1161
8657535 8649227 1162
16523140 11768529 1163
8120661 7859102 1164
11909728 2639039 1165
7360457 7134766 1166
12655821 11847468 1167
10467462 10296807 1168
8728356 1751987 1169
13716825 11453110 1170
5190127 4987488 1171
12397755 5172035 1172
6528620 5509581 1173
3558027 2529292 1174
4035823 3907516 1175
11188115 3673636 1176
17948077 2734559 1177
15088234 5095679 1178
7036403 2799206 1179
11264569 3401820 1180
6389909 6162365 1181
17097624 2242012 1182
17359876 13649814 1183
2633112 2557569 1184
14786955 4927029 1185
3946047 3788980 1186
6793953 6487792 1187
766559 646274 1188
497847 223241 1189
11690460 11536361 1190
8703622 3522169 1191
7812657 309830 1192
17371145 12437112 1193
8667698 8425018 1194
7116649 5045533 1195
13852879 13814005 1196
14928762 11838696 1197
6306120 816312 1198
9276702 8947070 1199
13993762 8749502 1200
4335427 4142984 1201
2540631 237505 1202
10890005 7744870 1203
9995241 9714141 1204
2047621 1793599 1205
1992302 1831570 1206
12524012 10600561 1207
7977874 7770665 1208
11959492 174518 1209
13975047 11118196 1210
2679899 2512958 1211
2894305 2861192 1212
6449273 3434946 1213
17419139 11988426 1214
12187633 7398450 1215
13306295 5699533 1216
790122 735295 1217
15228960 3721632 1218
4222584 1315892 1219
8209009 7980550 1220
16772979 15181781 1221
16564528 9709591 1222
2142986 2058637 1223
17079925 15312196 1224
7041472 6830855 1225
16825726 12088095 1226
18204698 8486517 1227
2205221 1584233 1228
4302257 3986900 1229
18131366 9285830 1230
13136422 794746 1231
5569114 5328974 1232
9746077 5663496 1233
10005168 9986179 1234
10540256 2846727 1235
340731 172413 1236
12899703 5275754 1237
4882755 4554925 1238
1674104 1484625 1239
2846263 2632263 1240
7716065 5312023 1241
4527900 4359799 1242
2701100 2569378 1243
16947871 15631394 1244
13418311 9163570 1245
14470635 2444757 1246
16988132 5360986 1247
14364678 9980281 1248
17816520 16536083 1249
10086726 4042431 1250
16489019 3852271 1251
10735610 6371431 1252
13778605 5296147 1253
9745169 7354637 1254
15982425 11085159 1255
8407289 7534723 1256
1125326 956334 1257
200737 61250 1258
17586383 8409095 1259
15018087 12846685 1260
2654888 2526889 1261
10869210 967521 1262
10487061 10242834 1263
8117645 242485 1264
11479067 11368048 1265
2716265 2062424 1266
8878707 8673088 1267
7420548 7375276 1268
6453437 6353901 1269
17697190 7679649 1270
13260965 5729517 1271
1027166 856412 1272
10255079 4399152 1273
9670918 9465790 1274
11903368 10423753 1275
1943101 1875618 1276
13914088 13680606 1277
12624950 12313977 1278
17681230 11278590 1279
10312169 10071116 1280
14383982 3049139 1281
11841229 11816388 1282
11359586 6223600 1283
13547480 8740196 1284
14373315 113580 1285
15251473 9685976 1286
17225522 8386285 1287
4620572 233759 1288
3728861 3498283 1289
567595 297181 1290
9634543 8821120 1291
1141532 1098555 1292
15421692 625479 1293
7078787 6987171 1294
6033678 5901180 1295
7858663 5387721 1296
13640552 13454715 1297
4693013 4363806 1298
10343734 8608869 1299
16391804 7771591 1300
6030704 5867213 1301
7406423 5120159 1302
14653166 9742079 1303
6097915 2793493 1304
5529158 1443757 1305
15656182 1853923 1306
16141027 13503538 1307
18140609 3910093 1308
12342214 12140159 1309
17050436 16961881 1310
88483 64027 1311
5488844 2870020 1312
14048306 7221509 1313
5981803 5763992 1314
11725642 11717086 1315
2466174 2316396 1316
4809186 4006921 1317
21491 1 1318
10741176 1344563 1319
10888124 10577953 1320
1735830 850606 1321
4112844 3921882 1322
18003282 15223161 1323
2350418 2323045 1324
9606252 5184454 1325
11596231 6710340 1326
4312952 4036797 1327
8898325 8885098 1328
2782065 2780900 1329
1855268 1734324 1330
1519634 1428813 1331
13871566 13631280 1332
15971578 15629556 1333
16215843 14285895 1334
11019058 10954267 1335
5138865 4967848 1336
16097442 1216434 1337
8735767 8693537 1338
1998374 1904297 1339
14423217 3222018 1340
13075528 10859132 1341
13966406 13605420 1342
6083058 5817495 1343
4665296 655216 1344
3159873 2940741 1345
16228084 11842797 1346
3839267 3822772 1347
448586 185031 1348
8043114 3527700 1349
5895620 5734639 1350
1533901 1428523 1351
13097036 5315458 1352
17438683 13271861 1353
15672616 11245933 1354
10061170 9808264 1355
4531836 4263412 1356
8862669 6521420 1357
10640849 10393354 1358
9964409 9915717 1359
16671667 1743677 1360
1926032 1759828 1361
17094389 5249590 1362
5363303 3874715 1363
4265442 3391188 1364
4075154 3742208 1365
11096264 2545431 1366
6366495 6076848 1367
2457321 492160 1368
10292394 8852768 1369
11833800 9473832 1370
10618601 10051892 1371
14445027 5972162 1372
2066656 1776220 1373
7413477 7405102 1374
3000758 2910323 1375
12612122 11745934 1376
4245054 4216270 1377
9883109 1240614 1378
10956805 2017409 1379
12597532 5247125 1380
9962188 2782073 1381
209666 80501 1382
12228370 11370185 1383
15652917 8753564 1384
319149 112935 1385
2582713 2518942 1386
9031787 6969213 1387
12456382 2856572 1388
17231565 9009220 1389
8950472 8908722 1390
8907906 3646468 1391
16733559 2430055 1392
15346992 1944679 1393
18143935 9982623 1394
7729061 7637357 1395
11227534 274892 1396
12083528 11886720 1397
15701789 12038620 1398
5831060 5738440 1399
2557195 2349195 1400
11201979 10272614 1401
11136824 1348583 1402
10067487 9861171 1403
4060362 4021881 1404
3269152 2991548 1405
2129479 1919936 1406
14462919 8636292 1407
15581400 3145757 1408
3855381 3820291 1409
10203225 4273118 1410
479598 172802 1411
5916596 5850298 1412
15669224 6872856 1413
6716032 6460828 1414
10558142 941685 1415
5172830 4930870 1416
10768912 10713716 1417
6285780 5975790 1418
470002 348690 1419
12376134 944756 1420
2446499 2277735 1421
10930708 10836203 1422
6344562 3283064 1423
14154050 4876837 1424
11274563 3732374 1425
9708969 9690890 1426
13387506 7495003 1427
1761426 1478118 1428
7763027 5089347 1429
15587288 10101264 1430
13453372 13381834 1431
10078012 9041418 1432
4217229 4131439 1433
11513737 10576367 1434
4385654 874546 1435
6226114 2601875 1436
1872896 1557713 1437
3348297 3336708 1438
7870880 7732291 1439
17580983 17359527 1440
6494762 494453 1441
3173824 2978551 1442
14182509 8893813 1443
3727660 3569440 1444
11416299 1719907 1445
11137971 10892047 1446
1261047 1224031 1447
4515369 2780278 1448
15758790 15539227 1449
13398884 13072605 1450
8460441 2133001 1451
9061688 8905549 1452
6347871 6318579 1453
2866401 2732422 1454
6183927 6072343 1455
13072061 12980564 1456
12534569 7362001 1457
14479698 14287575 1458
8192959 7857870 1459
17641982 13885929 1460
13672791 6367428 1461
16187797 1536729 1462
16182719 15861317 1463
11370151 3885408 1464
13455537 11954210 1465
16972392 4394686 1466
17227202 15167135 1467
7493815 5957101 1468
2980708 2794477 1469
14979482 14858144 1470
6115999 2511610 1471
5293470 2937844 1472
16437736 15915448 1473
11985717 11727670 1474
948360 789162 1475
11100772 10089354 1476
1244035 932181 1477
18012163 14676827 1478
7593430 7449567 1479
18184442 2877312 1480
2238068 2121113 1481
9444125 3751149 1482
18061913 12641104 1483
6553664 6411276 1484
15089454 14264671 1485
7616142 7382363 1486
13294900 13223824 1487
18159888 14487746 1488
4981331 4680739 1489
788587 468082 1490
15832290 651764 1491
8084244 3150186 1492
16032129 5375177 1493
3090954 3046845 1494
17727500 4919491 1495
11171444 10320502 1496
5822183 3603622 1497
14396540 5793201 1498
16292925 4855007 1499
11969619 11938175 1500
11363182 11163797 1501
4822130 403737 1502
14366627 11747994 1503
1544687 1536122 1504
1913921 1593342 1505
4802987 4507408 1506
2917002 2681310 1507
13988559 2472439 1508
8441545 787656 1509
13492380 13415709 1510
15175696 14905402 1511
13848077 13579651 1512
10952181 1165111 1513
18407826 1373565 1514
16289242 1112281 1515
9954878 9502953 1516
15021632 12111788 1517
11530313 11451655 1518
14229011 932744 1519
16067362 12276792 1520
12400022 1331351 1521
10111049 9978927 1522
3706838 3415114 1523
14928613 14857552 1524
1490875 1476600 1525
17641100 601532 1526
4737548 4663772 1527
13456972 13206616 1528
4671816 4587786 1529
7957871 659001 1530
5590674 5282798 1531
5872837 5755857 1532
12907408 12780400 1533
14651103 4849049 1534
18112100 11150904 1535
11170763 31477 1536
4267659 3436667 1537
3721483 2779202 1538
5610539 5337406 1539
16366103 3651026 1540
742389 682561 1541
2414755 2395666 1542
10526609 10468331 1543
14795385 13777681 1544
10364667 10071832 1545
6994118 6823617 1546
7183046 7119277 1547
5185189 2357658 1548
10119488 10054469 1549
762688 741968 1550
13092415 12849614 1551
10835104 10746042 1552
1995376 880047 1553
9516202 9203793 1554
13558701 2195734 1555
5478124 5272850 1556
11426136 11225358 1557
9881555 9656039 1558
403675 391663 1559
4609886 4296647 1560
14742265 9066227 1561
2328677 2230582 1562
8507867 3109767 1563
12857571 12803006 1564
11986225 5152676 1565
11834974 11752691 1566
3969483 3805784 1567
1905259 1791955 1568
9783795 3596600 1569
13975090 12863484 1570
14197321 532815 1571
5215460 5026386 1572
1435679 1308644 1573
8068402 7747562 1574
16968050 12527888 1575
6880689 6782932 1576
4483377 4186459 1577
17609540 8246663 1578
14397429 3509297 1579
15500941 9863480 1580
5518606 5345431 1581
16755912 7616161 1582
14557406 8388064 1583
7598698 7465446 1584
14976120 2436783 1585
4041327 3828539 1586
12756449 1205740 1587
2722438 2569320 1588
13304789 13088221 1589
1973702 1911358 1590
9164256 9137151 1591
8153217 616147 1592
3369336 3056799 1593
2345092 2179625 1594
11563265 2301573 1595
18445923 6875692 1596
13800755 7917404 1597
1574863 1563148 1598
13414187 13086659 1599
14760296 12547418 1600
4349418 4024497 1601
3264601 3228808 1602
14133916 13851413 1603
3128534 2825173 1604
14894259 14604583 1605
15909887 2543123 1606
1503602 1238261 1607
13823627 7899455 1608
16662960 4835018 1609
17388745 8220565 1610
5268194 5151764 1611
8270707 184501 1612
5292373 3842950 1613
8757793 4636959 1614
4941597 2557822 1615
10365997 10316382 1616
1221735 1136185 1617
17008307 4721710 1618
5738460 5608346 1619
11797140 528828 1620
11799127 11752162 1621
17871095 17841880 1622
17304136 16865646 1623
10039588 9123383 1624
12426193 7685348 1625
12314420 12078917 1626
344508 79146 1627
8889971 8572437 1628
4172551 3849370 1629
6696592 6481293 1630
13716482 13368452 1631
17899955 17677362 1632
11188108 1738886 1633
12967125 12903755 1634
10920895 4146151 1635
14875922 14638900 1636
8884455 8597112 1637
12556277 11663576 1638
6273120 6196437 1639
2562248 2324036 1640
14505906 13635761 1641
11069562 10879650 1642
2752235 2608200 1643
7181357 6898175 1644
14941362 14930498 1645
24678 1 1646
7534101 2978174 1647
5786832 5553116 1648
2142099 1933454 1649
15420723 6227871 1650
16060531 1101792 1651
18126028 14906982 1652
11347525 11248615 1653
6124336 6121205 1654
10677639 10572482 1655
14609075 14568357 1656
9580863 9372117 1657
68523 1 1658
16991446 5516827 1659
7811050 7808636 1660
6058507 5889320 1661
12755032 3946264 1662
10110255 9865879 1663
16029300 3846387 1664
16285258 9196895 1665
10914524 10614574 1666
8266658 8090048 1667
8158416 7309881 1668
6264857 3530162 1669
2843702 2642751 1670
17561447 828278 1671
14904182 3662846 1672
2548893 2239297 1673
2959296 2784712 1674
11587379 11449929 1675
16207975 1921303 1676
1403622 1194733 1677
13546229 6846780 1678
8189242 8014128 1679
16719797 7251853 1680
3689836 3529197 1681
4414162 4224039 1682
11222306 10943086 1683
8789460 3478051 1684
17052798 6448285 1685
8508290 8331578 1686
12906098 1686708 1687
8179289 6679946 1688
17790238 17639796 1689
6984510 6925425 1690
10321367 562949 1691
731260 610341 1692
5710700 5579561 1693
6732235 3272672 1694
6968345 6890630 1695
13254484 12464371 1696
6159630 5957585 1697
1779091 1725599 1698
11671776 6804383 1699
6265130 6044181 1700
12236584 12135044 1701
9265765 9075236 1702
2339399 2045011 1703
130008 1 1704
4347722 4150863 1705
16810351 12447489 1706
18025706 800765 1707
3116889 3075791 1708
6486784 6193742 1709
16625482 3025708 1710
11279859 3553812 1711
10963985 10434970 1712
10537241 6676327 1713
7277737 5934942 1714
14447362 9186176 1715
5916050 5592704 1716
14834806 7986194 1717
10877277 2724295 1718
9577150 7634546 1719
14006577 4905477 1720
4787880 4627732 1721
1160930 869110 1722
3258396 3144580 1723
10972484 5945027 1724
8199180 7949982 1725
11519560 11404273 1726
8630826 8304718 1727
14977776 10932653 1728
3468665 3180187 1729
8152733 8067071 1730
6260597 6218217 1731
13601672 13293600 1732
12288972 7358779 1733
18472300 11683165 1734
2414610 2245364 1735
18500341 1563914 1736
5457259 5339549 1737
1440014 1333213 1738
8319292 8225228 1739
10080719 7900282 1740
16143473 12293292 1741
14365253 14218756 1742
3488553 3295747 1743
11443523 5671190 1744
9034692 8923177 1745
9500783 9392083 1746
11622791 69862 1747
15039139 14742840 1748
9431376 6888783 1749
18465185 11602674 1750
5395857 5231527 1751
18343017 15484854 1752
11950896 2944416 1753
5189687 4910714 1754
1003653 126359 1755
5870526 2271514 1756
17265114 3933112 1757
12704645 8953105 1758
1415311 1229546 1759
6454594 4054595 1760
13249644 9560562 1761
16685281 9102114 1762
16084977 8142523 1763
16055133 8964957 1764
11192616 11076017 1765
16317629 12017904 1766
4404145 4094053 1767
18500244 914510 1768
10980323 10791782 1769
17108900 9410230 1770
5060045 4889016 1771
4103049 4081489 1772
16925221 1289569 1773
11568907 8654606 1774
7673916 7530989 1775
4709942 4554098 1776
3157276 3010023 1777
16218882 13038671 1778
7486419 6973142 1779
3129541 3051357 1780
4915896 4678823 1781
17028035 4544327 1782
5132814 4880516 1783
6645175 5421662 1784
7476137 7320090 1785
5655080 5528840 1786
7532221 7399540 1787
9079488 6640706 1788
1339270 1257086 1789
15722526 5599828 1790
8610913 8573787 1791
11273504 11255716 1792
2903909 2689716 1793
13198292 12996934 1794
8447954 6230146 1795
18363339 9285587 1796
14050332 11548955 1797
7539581 7481689 1798
12381391 8192238 1799
5630293 1106602 1800
6504550 6431837 1801
12798132 9117630 1802
13285244 10274242 1803
8440226 8187861 1804
13237635 13112362 1805
11944842 8762260 1806
9755805 9480296 1807
13355145 10170521 1808
16956849 5545575 1809
13351893 10250370 1810
6443856 6408547 1811
11994889 11976069 1812
6391182 6112856 1813
11401956 4772831 1814
13226396 3066106 1815
2333237 2316369 1816
13791672 13590502 1817
6597728 6390618 1818
9461168 9356381 1819
6851448 5370215 1820
1897058 1740451 1821
6062537 5800412 1822
16436944 16244365 1823
15686584 11565459 1824
13874100 1086422 1825
2860117 2549071 1826
6306421 6211536 1827
7208893 4686564 1828
6416989 6298111 1829
15127816 13194943 1830
12897880 6440768 1831
2449622 2173382 1832
15651276 13031732 1833
11300767 9663473 1834
461765 372591 1835
9344327 9333398 1836
9519091 953684 1837
2442345 991607 1838
14902571 3876470 1839
5112696 4834623 1840
17404229 2259323 1841
5604877 5523694 1842
13663453 12583452 1843
9368743 2192677 1844
109311 1 1845
5992558 5772303 1846
16260903 9863888 1847
10378948 10270815 1848
17247879 9483425 1849
13485438 49961 1850
10831112 389103 1851
2829270 2610662 1852
4395048 4136465 1853
7079329 6915073 1854
10382737 4159424 1855
5215937 5056334 1856
14226000 448103 1857
8197127 8035881 1858
14430974 1514760 1859
5052629 4728129 1860
11581703 11306188 1861
6783127 5027150 1862
10026999 4752058 1863
13363843 2323675 1864
5723536 5548931 1865
17817924 15752817 1866
8696691 5391358 1867
11220959 11042351 1868
10507416 2611430 1869
5920006 5814306 1870
8538014 8213095 1871
3271706 2961305 1872
9237243 5718942 1873
15967494 15116438 1874
14634544 2678144 1875
18175229 8422967 1876
8994411 8783603 1877
5172678 5148012 1878
18276954 740936 1879
16767700 10390341 1880
4396291 4066155 1881
11873077 10587735 1882
17142627 561829 1883
2579062 2471485 1884
14333810 14293028 1885
5024978 4782743 1886
14532917 12733300 1887
3880651 3637925 1888
8032995 7768467 1889
15494166 15368715 1890
555172 336247 1891
16730679 78632 1892
15763783 15431069 1893
5827396 5715964 1894
8904331 7831168 1895
6836489 6671788 1896
75979 1 1897
17628 1 1898
4661388 4600619 1899
719957 410187 1900
2487458 2181337 1901
8728207 8658520 1902
14349003 3922942 1903
12537236 11007395 1904
15843308 1446534 1905
12140536 12134940 1906
14525480 8261332 1907
6147907 2926314 1908
415053 319622 1909
14110671 1007934 1910
5924382 5818748 1911
7419352 1868192 1912
16380098 164313 1913
6166254 6064405 1914
13917814 13870321 1915
10408129 10384220 1916
17268214 13555325 1917
4272325 3949060 1918
13979064 11242056 1919
15754115 15303516 1920
430671 208700 1921
11003313 10961757 1922
6121661 6120066 1923
9976603 8913705 1924
5215307 1203897 1925
16567927 12057715 1926
14267706 2360700 1927
5393931 5285910 1928
3048679 2577505 1929
17561587 6628891 1930
12342176 4522844 1931
367691 168845 1932
8682794 8382826 1933
15174253 13664614 1934
18255395 8318692 1935
11174 1 1936
4459926 4388544 1937
17048131 9026758 1938
17676335 16015618 1939
15094409 8991833 1940
16543857 9221408 1941
109573 1 1942
2061779 1894235 1943
5491947 5426389 1944
2746564 2447746 1945
1467786 1367948 1946
5927269 1466657 1947
12666851 12615621 1948
18301075 17364012 1949
9559198 1304793 1950
14221749 4091300 1951
8106598 7996616 1952
14277617 14248884 1953
17550391 9204995 1954
17349749 5963027 1955
7681759 7416749 1956
2893168 2768960 1957
6803816 6515335 1958
11639225 10834256 1959
13474545 3384158 1960
1357005 1099128 1961
1113558 657359 1962
17658915 749369 1963
15266977 5892528 1964
14648294 14585690 1965
11210768 1846075 1966
6443734 6355758 1967
8132824 8117787 1968
16993032 7704290 1969
17274577 6349602 1970
10039733 9809783 1971
12350539 12340326 1972
6230875 6196888 1973
5009782 4922287 1974
11127520 10993220 1975
15854382 15719768 1976
4507808 3116867 1977
2581035 2381458 1978
16062349 11342196 1979
13297545 13056472 1980
2987265 2837784 1981
7137675 5808967 1982
848609 672715 1983
5055491 4801884 1984
17405696 2238545 1985
3365018 3222165 1986
1640778 1459478 1987
14948963 14918957 1988
13202975 5584937 1989
18309928 1126362 1990
5822251 985396 1991
17662630 10609260 1992
17429023 9209806 1993
10966924 329904 1994
6400390 6149634 1995
12454167 12420263 1996
7001023 6805416 1997
1973337 1695239 1998
1903681 1633974 1999
3971306 3830662 2000
2592131 2285403 2001
17258248 10134857 2002
15204242 703266 2003
2354674 87725 2004
10885987 9849341 2005
14698389 6073615 2006
1220152 1152022 2007
5809697 5761759 2008
8346431 4097150 2009
13513854 13416657 2010
12454372 12144873 2011
17866319 2284568 2012
13466635 12913681 2013
1446133 1392368 2014
15601742 10842679 2015
10210894 9995460 2016
14089446 13782733 2017
9459315 104748 2018
736843 465681 2019
17365854 7728223 2020
4144973 3919412 2021
18089845 2838715 2022
1886834 1647306 2023
3878041 3800099 2024
578078 505933 2025
14888011 9818217 2026
1986787 1937822 2027
15583364 15511783 2028
8697876 8421856 2029
10320550 10064090 2030
9373063 2457293 2031
10750199 10710862 2032
2699869 2247390 2033
3218455 3018938 2034
538433 317982 2035
9093134 9015801 2036
16761269 11446487 2037
15460240 526223 2038
13384565 8835248 2039
17231056 5840546 2040
18237519 17180588 2041
1999804 1778774 2042
17662474 17525482 2043
11497519 11337548 2044
17107757 13498645 2045
15773684 15518641 2046
7663421 7597732 2047
10587626 4062227 2048
9562754 9217019 2049
3566841 3402269 2050
1320546 1064108 2051
1118972 789699 2052
17227341 9929781 2053
11709676 9302895 2054
3906361 1421658 2055
13862878 13804897 2056
11064785 11052239 2057
17282428 15739363 2058
9090397 8783442 2059
10906644 7670217 2060
6257616 5977670 2061
4018735 2174277 2062
15071192 3529025 2063
14721579 918892 2064
3236102 2916543 2065
16200087 652194 2066
7915474 7802979 2067
17723034 17499771 2068
10108799 1763206 2069
11967627 1933463 2070
15719306 1782724 2071
17753719 2235962 2072
2742911 2458324 2073
10211502 10075365 2074
18270955 4917183 2075
18177467 3534012 2076
18316238 3855434 2077
17488900 13796009 2078
56075 1 2079
10160772 9978484 2080
7800704 23197 2081
9276165 7312950 2082
7034750 6791929 2083
8413706 1434463 2084
1300132 1094994 2085
3111737 2852096 2086
17049183 1966711 2087
15383466 7813878 2088
16622706 2923930 2089
4402252 3517142 2090
13631080 3373739 2091
2399092 2197874 2092
3388642 3195257 2093
5992019 5289661 2094
4885157 1310159 2095
1870841 1832717 2096
9303649 3828268 2097
5881476 5702322 2098
4273412 4236650 2099
14861440 3016643 2100
14217690 3391405 2101
8691695 8427982 2102
13060506 11043138 2103
11881595 6048517 2104
2841958 2743417 2105
5152535 1665275 2106
101368 1 2107
4975283 4894115 2108
3676378 3497382 2109
11661832 4942752 2110
16302736 12017017 2111
13434244 12713543 2112
13639427 13485656 2113
12207690 12133745 2114
4828743 4568967 2115
5855884 5775321 2116
16689498 14570649 2117
15617910 15358743 2118
8618338 2574523 2119
12513194 7537161 2120
3204463 3010338 2121
17956814 15389708 2122
1860912 1829964 2123
13415358 1433556 2124
5624293 2794094 2125
2459710 2129353 2126
2169607 571291 2127
13874546 1069389 2128
7187352 2809887 2129
14004719 13794509 2130
13266351 13265706 2131
5278948 4982206 2132
14610046 2849845 2133
10370270 7591652 2134
8985495 4747806 2135
3889221 3563059 2136
4786740 4626832 2137
10477004 10271721 2138
5092417 5003815 2139
13998051 13796463 2140
14696356 8675025 2141
2398633 2276680 2142
4986773 4743432 2143
7259024 7016902 2144
13265466 13030967 2145
17066477 13172129 2146
17327197 12877833 2147
17497364 13329680 2148
12942700 12846994 2149
16564000 11458726 2150
1537951 1225601 2151
10322111 3530223 2152
12519387 11065474 2153
6562249 141580 2154
15554759 1117135 2155
12021222 11714228 2156
17304643 14938129 2157
16411470 5709086 2158
11231848 6115785 2159
18199567 3288049 2160
464542 258364 2161
7872852 7830494 2162
2627849 2304373 2163
11534696 2067133 2164
16454218 4609673 2165
2923211 2467519 2166
9359832 5488634 2167
17594539 17305957 2168
13048399 6855686 2169
11674244 9356610 2170
547137 534131 2171
12647112 12576912 2172
160690 1 2173
13287871 8077311 2174
7883049 5307517 2175
14292554 115118 2176
11449419 11270874 2177
10104605 6357907 2178
12198138 12050285 2179
10673950 2788277 2180
12618876 689571 2181
11151125 9368839 2182
644153 593206 2183
13248590 13159310 2184
12001584 6664889 2185
12325642 12262398 2186
3164918 3151748 2187
2257304 2237506 2188
5863799 5722361 2189
15880314 12521551 2190
18356725 3465743 2191
966914 778526 2192
13650367 866155 2193
10541073 4707393 2194
13833320 3994506 2195
1727232 1545493 2196
5903980 5727226 2197
9639632 4496895 2198
17957452 17680595 2199
2048752 1855434 2200
14178468 2307432 2201
13912605 13585901 2202
9754644 3983427 2203
5262537 5234130 2204
1877011 1786559 2205
11398663 10325057 2206
11210876 10193353 2207
2202859 2038938 2208
12264670 12014264 2209
14246198 14240563 2210
12697911 6701966 2211
8309768 6011851 2212
1970103 1663274 2213
3719357 3480144 2214
10609238 10289994 2215
7511945 787612 2216
6356116 2988450 2217
2947786 2652897 2218
7294533 1946047 2219
7777706 7722130 2220
12711637 6205526 2221
5239079 5068207 2222
10194071 9900959 2223
4513043 4509738 2224
13285121 9846985 2225
8163156 8128303 2226
14518019 14426047 2227
17266432 9964286 2228
5616773 5459710 2229
16673307 16514832 2230
2745833 2649124 2231
16548580 2575828 2232
12615319 653361 2233
3046410 2752963 2234
415728 332087 2235
15198975 91142 2236
6527922 6437898 2237
1801060 1740665 2238
1255099 1017143 2239
12830337 3369525 2240
2627740 2415993 2241
16141091 14153388 2242
5176898 4934275 2243
15540403 9252478 2244
3920509 3760925 2245
17225593 1159947 2246
17750819 9056145 2247
16434055 11958120 2248
386346 196827 2249
1385573 1125041 2250
13100717 12814326 2251
14104530 1387317 2252
6278924 6027001 2253
7112441 6652750 2254
8872502 8581417 2255
13831232 1821823 2256
4504387 4252057 2257
5874685 5598485 2258
9185858 2949732 2259
7765095 7574900 2260
2144129 2030830 2261
10009631 9989869 2262
5233154 4713768 2263
11436798 1764756 2264
12699027 6664069 2265
2364774 2263240 2266
13973035 13596243 2267
10157219 10094912 2268
17690752 4424927 2269
7784176 2599672 2270
907075 677739 2271
13178573 3752879 2272
5196069 5093343 2273
1245851 1236614 2274
12493688 12176250 2275
17887955 16915768 2276
5119927 5067780 2277
819336 571675 2278
7923217 6868261 2279
6952969 283254 2280
17414155 16193186 2281
12077380 2363609 2282
7499990 6557683 2283
7822075 7719140 2284
9157568 2041211 2285
8482451 3877665 2286
1074619 955203 2287
16001836 1175918 2288
10265058 10025853 2289
7716281 7548265 2290
2209676 2146602 2291
13903119 7857365 2292
18410173 16081057 2293
13237168 7131275 2294
11704260 6669528 2295
8809253 8733346 2296
779972 562054 2297
16638291 6382696 2298
18160124 4751924 2299
13094163 12897235 2300
3829036 3585329 2301
14902879 1802744 2302
14937402 767201 2303
8715372 3892711 2304
6123433 5804523 2305
11433643 2214671 2306
2414611 2083481 2307
1571736 1516784 2308
9908429 9894445 2309
14892274 12091707 2310
4050560 3986874 2311
3186081 2984161 2312
5826307 4750237 2313
2658464 2616857 2314
13482012 13287373 2315
12219453 7577737 2316
7234658 7049650 2317
13689184 6541669 2318
10023999 8891591 2319
15364928 2456528 2320
16786446 301213 2321
18491306 2009394 2322
17575797 10292169 2323
4111274 4035571 2324
3662715 3481635 2325
11545801 9717252 2326
8312927 2079636 2327
13534842 13349379 2328
48966 1 2329
12903313 12608571 2330
17448139 17226941 2331
10196349 9936524 2332
6450953 6175080 2333
9774236 9377688 2334
10747419 10631565 2335
3514119 3448544 2336
10180427 706375 2337
14737482 2484996 2338
15951785 10003436 2339
8432144 8395991 2340
4538092 4496303 2341
8659446 8356016 2342
11235663 11208073 2343
8677951 1319938 2344
7528737 7319869 2345
15001990 7928430 2346
16868339 14984811 2347
12851535 3066797 2348
5977998 2379652 2349
8619730 1294597 2350
3486972 3445991 2351
15993896 10069260 2352
9988408 6876933 2353
5568333 5438426 2354
3437065 2808807 2355
1014232 795746 2356
17830147 8180643 2357
10436102 5874926 2358
18016048 13802682 2359
12165099 6231206 2360
14944384 4523645 2361
14748408 13838209 2362
16509371 1005594 2363
6299909 6041516 2364
11045839 8241766 2365
15289605 11277126 2366
11593471 2571397 2367
2279878 1352453 2368
2921920 2744523 2369
15230755 6848816 2370
3082998 2811391 2371
6202740 2474865 2372
11998579 11681090 2373
4581689 4569743 2374
15431151 1977281 2375
10541705 5021396 2376
9040207 7557538 2377
16808753 7397921 2378
3513292 3184943 2379
14853905 14796321 2380
9063220 4423711 2381
16595969 11425564 2382
3957139 3677072 2383
4870795 4680205 2384
13094522 1347783 2385
11386667 11094991 2386
1933334 1619166 2387
9747578 625732 2388
10127515 7898913 2389
14280911 13996873 2390
8247730 8009553 2391
9138396 7127287 2392
13564773 12700961 2393
8093434 7919309 2394
1661436 1578174 2395
6109904 6079378 2396
4562979 893363 2397
17701064 12206120 2398
3694870 3634096 2399
9848777 8213557 2400
8367005 8078814 2401
17651291 1525443 2402
5218125 929488 2403
17774882 267422 2404
18111445 15277305 2405
7892891 7743473 2406
2425812 2396205 2407
12686892 4594875 2408
14831860 12100484 2409
12517128 12230979 2410
15687795 7946169 2411
3683129 1623398 2412
3140156 2839889 2413
4986474 4635360 2414
16303399 9556701 2415
4489225 4352017 2416
12422401 6605124 2417
2683206 2407278 2418
17802432 8536093 2419
16132866 11632229 2420
3811163 3782783 2421
9332306 9184936 2422
2531005 2356639 2423
8794809 6463183 2424
18469273 14629022 2425
16227503 14942458 2426
14281441 10250960 2427
13666952 13050905 2428
9594279 9428875 2429
2862936 2747028 2430
9975741 986039 2431
12042374 11850294 2432
12005012 3408964 2433
8251166 8200825 2434
8277024 2622282 2435
10549910 7452115 2436
9493755 1589429 2437
4779592 4744412 2438
14092813 9469219 2439
1763344 1668009 2440
10790787 10462057 2441
6467188 3618340 2442
2574121 2411499 2443
3391065 3279114 2444
11100168 11022843 2445
15963865 3483126 2446
8525998 558075 2447
1199569 1141179 2448
12709874 9298790 2449
2714296 2580097 2450
18511232 12039440 2451
6057186 6032339 2452
3684455 126698 2453
18149426 17906290 2454
5337016 5061211 2455
15970467 8312281 2456
15877193 15078425 2457
6851408 6811157 2458
3617195 3568349 2459
15255900 14173335 2460
12756804 1823573 2461
12648387 11052203 2462
16786465 16722366 2463
14061786 6097898 2464
453010 241236 2465
9987275 9887716 2466
16665302 9053966 2467
8116390 8022205 2468
9434622 9194782 2469
17833699 7629791 2470
12184 1 2471
760724 748043 2472
1589282 1537939 2473
3827283 3726411 2474
5184392 4723019 2475
18018333 4256067 2476
1009034 684951 2477
16498958 12739454 2478
3249609 3172986 2479
18225406 9688289 2480
17964795 13403863 2481
16615523 2245271 2482
8367041 3600973 2483
3240176 3169335 2484
13788010 2144639 2485
8830817 8748580 2486
2950608 2635751 2487
16851913 16743134 2488
10591896 10307828 2489
2889276 2638482 2490
11443565 11286623 2491
15979564 13497824 2492
18025640 362116 2493
14360454 14113869 2494
10248050 10058397 2495
998592 702984 2496
14821421 13134652 2497
9411149 9295006 2498
17332247 5681106 2499
14945467 11868181 2500
3456150 3369559 2501
15153760 11783919 2502
863824 837600 2503
14019105 5544960 2504
10647527 1518432 2505
9035790 2598163 2506
9836220 6794777 2507
14933505 14298349 2508
13977178 13907854 2509
11694570 535662 2510
5577047 5407715 2511
4781775 4719780 2512
14836994 5635713 2513
11689923 11400518 2514
11056727 6776494 2515
11989141 3046987 2516
1822622 1647775 2517
4698362 4474968 2518
17865385 1333490 2519
15910291 1829346 2520
6986224 6943019 2521
9144469 8852484 2522
5161887 5120170 2523
1725034 1586021 2524
12083388 11848887 2525
13167489 6248156 2526
13317389 13180866 2527
15390400 1449895 2528
4657509 874925 2529
10628942 10543529 2530
13986257 13667370 2531
17223681 154994 2532
14847452 14518896 2533
1112615 1053028 2534
3629789 297307 2535
9304812 9039000 2536
5203025 5145271 2537
8246484 5831609 2538
3081137 2875189 2539
17790684 11329792 2540
17705391 13615073 2541
6021843 5716468 2542
1362636 1204702 2543
1913568 381211 2544
7699314 7605498 2545
11292144 8174067 2546
12434614 7219173 2547
18256705 13691177 2548
9993678 3611294 2549
9727145 6140418 2550
26364 1 2551
17817894 2673518 2552
10228527 9977292 2553
11471310 11310788 2554
8061278 7782350 2555
13602734 8645729 2556
17821406 17172374 2557
13442332 13208532 2558
11914339 6329019 2559
6120033 6010121 2560
11006161 2135590 2561
224952 198814 2562
11697382 7585948 2563
903659 742829 2564
11342088 11057699 2565
17485129 6952390 2566
12682918 10176007 2567
9841427 8383856 2568
8643192 8532581 2569
5598287 4767913 2570
7511048 4325391 2571
12776410 88226 2572
16997039 16823245 2573
3820850 2980931 2574
13530501 13234273 2575
14821901 14663957 2576
1355117 1158356 2577
944289 875734 2578
16971844 9568538 2579
8294947 7965211 2580
5604214 5340825 2581
10534232 9937898 2582
9095254 3624623 2583
8560113 6229768 2584
5742606 5438884 2585
14607628 14377732 2586
6361046 6331936 2587
1492146 1272449 2588
2608265 2535007 2589
1104842 984242 2590
11141718 10121823 2591
14962352 12058091 2592
2031460 1966796 2593
725551 670845 2594
14903997 3521336 2595
7727497 7607026 2596
16196403 16158010 2597
13186890 7142936 2598
13643616 13425458 2599
1581572 1418171 2600
7154572 5502164 2601
6526235 4809344 2602
9378031 8927683 2603
3996841 3596079 2604
16622717 14672048 2605
10292711 8619898 2606
10277493 10276321 2607
11174802 11110553 2608
177245 158422 2609
4599913 3013769 2610
11154414 142199 2611
4962457 4726978 2612
11643891 11333886 2613
11558000 7274308 2614
13072301 12906367 2615
11725518 11494818 2616
17313631 4380294 2617
4871034 4642027 2618
4101813 3534554 2619
6868682 6708835 2620
8649354 8367667 2621
17929881 9683370 2622
15405133 13224589 2623
8920945 415641 2624
956986 885881 2625
17266323 9185500 2626
10223168 8701797 2627
5428755 1027063 2628
15330257 15065631 2629
11474245 2710229 2630
11881385 2660881 2631
7716061 7709211 2632
4777784 4626782 2633
15070950 10062057 2634
13817669 5472619 2635
15073309 8372115 2636
2403979 2346580 2637
11258980 10786164 2638
13998912 4274263 2639
13596942 10671546 2640
9268513 902108 2641
7481664 7245045 2642
17672530 2196506 2643
13792575 3420108 2644
14332021 14138722 2645
17569043 2555257 2646
16030892 15921587 2647
13168428 3294484 2648
12211873 12075716 2649
5120121 4900037 2650
6419161 6386066 2651
15586665 5796688 2652
3214942 3044604 2653
13099724 2813775 2654
10956661 1524407 2655
11649911 1680959 2656
11856126 2392975 2657
17281374 469145 2658
1695514 1454153 2659
16599339 16406125 2660
13514245 13188358 2661
17117790 16943381 2662
11502380 11209907 2663
14628041 14342853 2664
7046167 6805239 2665
17484510 6745361 2666
6319298 6017366 2667
13407155 270655 2668
15849004 1778794 2669
11158033 10886298 2670
11410127 11082286 2671
8574316 1698633 2672
14249326 2079205 2673
15057347 5582350 2674
4559207 1286325 2675
1423897 1119426 2676
18074211 16707182 2677
14786671 153583 2678
4255872 3620575 2679
17392756 6044687 2680
13394224 5663012 2681
1639734 1429213 2682
18050921 8362870 2683
13598719 2059075 2684
9294690 729894 2685
10001789 9694005 2686
2169144 2142292 2687
9434097 2471109 2688
2794659 2539403 2689
5475765 5147550 2690
12610151 8331443 2691
9670017 4321166 2692
15088439 3903472 2693
15971847 15645333 2694
17642184 15443071 2695
8073531 1296267 2696
17934807 1326435 2697
18991 1 2698
10172030 9948248 2699
3338451 2346896 2700
6505056 1712052 2701
14694931 5002320 2702
6916745 6886858 2703
676372 389853 2704
1240692 229334 2705
12816295 10051283 2706
12892099 2846696 2707
9664055 9394510 2708
9454759 7175140 2709
7251507 4872653 2710
1335809 1105883 2711
10552277 10427238 2712
7112764 6993194 2713
17321232 14472049 2714
6033441 5882148 2715
6307113 6014935 2716
13107907 13013120 2717
12578392 4183440 2718
12364463 7889845 2719
6215820 5913098 2720
15215231 14947672 2721
5105843 5103042 2722
10667869 10637245 2723
7199927 5496604 2724
6735440 6511633 2725
12839781 8980787 2726
15757365 12984883 2727
11407181 9776021 2728
5275567 5234674 2729
4149806 4100301 2730
11295725 9113054 2731
8586835 1054066 2732
15814778 11906812 2733
8552274 6691704 2734
5256596 5097261 2735
12663397 12323135 2736
12513534 12331798 2737
5894095 5585510 2738
11134744 10852083 2739
6578830 6500329 2740
11430558 9087921 2741
431352 195777 2742
11344090 11211320 2743
16001638 5935683 2744
16956058 333890 2745
1777411 1032759 2746
12539344 7631596 2747
15971533 623968 2748
1304429 1027991 2749
7446599 3445374 2750
9276177 9146886 2751
7228965 1463134 2752
16884168 11096119 2753
1759244 341007 2754
639266 451944 2755
13959666 6721863 2756
11014387 9146272 2757
12094430 11817498 2758
11049042 10755565 2759
10483314 9556078 2760
10745007 10482121 2761
16030730 10906097 2762
14727662 14559327 2763
14973861 563855 2764
11478962 260471 2765
14956981 5008963 2766
10802519 10723538 2767
13129996 3694727 2768
15005900 6096008 2769
16915418 10049984 2770
2962772 2807427 2771
15125114 1810628 2772
10253687 9029823 2773
16585894 16415084 2774
2014274 2011583 2775
1043879 993006 2776
9993225 9717194 2777
14936666 13692184 2778
4937200 4683883 2779
10657759 10341015 2780
14564155 10938465 2781
17928293 1935743 2782
15430658 10732387 2783
16813608 9538422 2784
12141545 12086624 2785
903773 632300 2786
5448467 5195033 2787
15836322 12702005 2788
14111823 187933 2789
385629 284538 2790
7922822 7595594 2791
10470280 5407036 2792
1412246 1176255 2793
3493625 1039260 2794
6850991 5288346 2795
8419388 5946312 2796
16487268 8482358 2797
2241516 2167021 2798
9872127 6090101 2799
5620733 5470203 2800
13521153 4835227 2801
13913277 13905890 2802
12329740 10018811 2803
3003700 2812233 2804
9931999 9930060 2805
5627380 5588683 2806
15121227 6447299 2807
7519397 7267750 2808
9480613 6480922 2809
5649052 1632597 2810
6483357 975744 2811
13654905 12108913 2812
2832103 2671722 2813
10994288 4060154 2814
17809959 13503899 2815
2736074 2642260 2816
5823490 5634016 2817
6182295 5957240 2818
11015330 4825997 2819
17965480 8991898 2820
2644813 2640194 2821
272516 50165 2822
10718779 7116881 2823
15375932 1336746 2824
1329144 858735 2825
7948368 6455994 2826
10126545 9798890 2827
12544748 3055761 2828
16661254 3941045 2829
11914059 10010582 2830
7137714 5539635 2831
13855243 432039 2832
12797122 746356 2833
1293281 1032459 2834
6337532 6060188 2835
11292244 11103940 2836
15966065 1870983 2837
8600701 2595402 2838
18431276 6749903 2839
2763997 2622019 2840
1338079 1022408 2841
15357211 6727165 2842
3462659 3380595 2843
10485073 6774919 2844
7550916 2940858 2845
9999235 9686539 2846
1603961 1519811 2847
6738460 6519985 2848
2635066 2590271 2849
4609629 4310381 2850
3924152 3767951 2851
6201462 694360 2852
17723781 1319436 2853
16792371 13938852 2854
6053978 5990644 2855
11784569 2579094 2856
14803004 14538806 2857
15249280 12280647 2858
10871940 4881374 2859
12872044 12628549 2860
17103734 9527890 2861
10978195 7684848 2862
7070423 1399119 2863
5234867 4980776 2864
17604405 16819057 2865
2344542 2088122 2866
8607485 8301074 2867
8122062 7812026 2868
13512998 3913677 2869
11757935 1110549 2870
16317260 5277451 2871
10464549 1861808 2872
9519177 5651126 2873
12524679 12198402 2874
182413 1 2875
6283847 141315 2876
14209930 14046531 2877
1461896 128717 2878
9284738 6640106 2879
14408404 10202561 2880
7014647 6217947 2881
226398 145212 2882
7099061 1723673 2883
3866150 3853740 2884
8563768 1767510 2885
17412070 10883759 2886
16950848 4924775 2887
4167332 3929075 2888
8902945 4174250 2889
12345650 4765295 2890
13759466 8460659 2891
14569628 9457623 2892
4165090 4110206 2893
4934494 1788111 2894
14108629 14096190 2895
2983184 2851017 2896
13497868 2301141 2897
2986919 2985345 2898
4596163 4521634 2899
16716732 16474637 2900
8073372 4184371 2901
1748914 1526582 2902
13549777 6005028 2903
16475375 10250946 2904
728038 500244 2905
1192078 997024 2906
1179295 973399 2907
5821824 5555529 2908
9856734 8853854 2909
8339165 3979049 2910
8253629 6910980 2911
12695192 5904859 2912
5214313 4922972 2913
16321715 10368223 2914
6394377 6191731 2915
15000164 6510705 2916
16939640 2281399 2917
6836674 6637017 2918
10646891 10502482 2919
15382815 1591650 2920
7615291 7380779 2921
2978643 2830721 2922
4741751 4510831 2923
3491822 3301487 2924
306155 21560 2925
16342094 16072776 2926
14771096 2693666 2927
11538567 7795798 2928
5912550 5812513 2929
8257693 7999744 2930
17658218 14135370 2931
4112606 4022427 2932
3687806 3627296 2933
735021 531946 2934
14534434 14279082 2935
6716333 6472748 2936
16706759 16401152 2937
4615754 2629217 2938
11523356 8087843 2939
13106854 1790976 2940
16984930 5577620 2941
16153145 11297313 2942
2916241 2905557 2943
5274456 1099223 2944
1939123 602854 2945
2045087 1930244 2946
6978454 6665836 2947
7636516 7472569 2948
10617724 7233943 2949
7690855 7564255 2950
10828976 4113711 2951
13595098 8935815 2952
15013429 9689140 2953
10802362 6264524 2954
7440128 7189318 2955
2927740 1583146 2956
10330295 6490816 2957
13234010 13107190 2958
13861187 13620354 2959
17452550 13704899 2960
17075367 11158116 2961
3412279 831033 2962
15859428 13420544 2963
12482304 9843366 2964
5491884 5254219 2965
14249596 2642857 2966
5523308 5416858 2967
4411002 4137977 2968
7035372 6711710 2969
8715563 8389312 2970
16703928 1500325 2971
14723237 731927 2972
3693065 3577346 2973
11885888 8302820 2974
16196702 15941337 2975
16132519 16045501 2976
1328000 1254265 2977
17788198 13272922 2978
12826375 12563995 2979
5129856 4828141 2980
12456610 3340510 2981
6891132 2735873 2982
3084740 3017794 2983
2746501 2642216 2984
17316668 2054357 2985
3452064 3224348 2986
7409467 7122102 2987
16918002 8276342 2988
2336057 2264618 2989
18234913 11201575 2990
15452289 9641520 2991
6710524 6637110 2992
15482625 6639409 2993
12437002 3797676 2994
3207648 1096126 2995
9526619 9350129 2996
17858445 17797728 2997
9230687 1913481 2998
9440527 9212033 2999
