300 1000000000
66167448 48005402
50026857 10652259 1
56168023 39315927 2
46714056 37022104 2
37683853 24205980 2
98875678 26319549 2
104786092 19334027 2
44834685 17686907 7
42685706 24526323 3
84680297 34890244 8
84112468 18799555 7
64012016 45257973 10
8173285 5293564 11
89954713 18899762 9
88834921 28978974 10
35098595 31893444 11
80612181 45216499 12
78808490 33168988 16
94272798 54731753 16
28173311 26795072 16
64109968 45632512 18
43400889 13024457 21
104857430 11063013 22
32443738 30791115 20
52441688 23895930 22
80036627 54705537 25
43086547 3107006 23
65101612 48797778 24
19017215 16148198 27
53282002 3077729 26
45455560 31192562 27
24068549 17985841 27
77403980 49433092 30
42730514 39970576 29
91689412 35630759 32
22326135 7318785 31
74579482 7034528 34
8771077 6068065 33
43141370 29181984 36
15987177 12605854 35
107596534 12698100 39
88257165 36403283 40
11600459 10783779 41
26714536 26278324 43
81623830 47490724 44
77644964 296745 45
64225856 11912469 46
31672294 31521962 47
77363402 17510500 44
23531507 23010124 47
37664442 36873061 47
110747270 29405766 48
57211152 4066354 49
1789644 288497 50
93770193 7694677 51
39703227 12146206 54
86285711 13465632 56
6260324 5113430 57
52642606 50577464 55
30556603 12316351 56
74226896 21115920 60
22559955 20769469 60
23281271 20271450 61
64746002 46467994 59
106109564 30739515 63
65482461 3690587 64
68993648 42245496 62
4439909 1712569 65
1251557 1 68
104129636 8941741 65
97477311 56977112 69
510300 1 68
51497619 4074723 70
63071727 3487479 71
6946402 4089167 71
84559034 31462111 75
59749281 12348140 72
80843901 21162064 74
96721322 13169364 77
93917139 4789940 76
79147218 8238341 77
28034200 6598473 81
101214553 9579463 78
7332086 1927432 80
7123918 6993134 84
101598353 35114984 83
6140015 3284403 82
53823266 46100306 86
103655483 7058171 87
81900730 4102926 85
86013413 4159062 87
84545190 41627466 91
27470331 25806971 89
770976 1 90
14201074 11420505 90
16005817 13660514 91
22062713 21023881 93
30327357 23591810 97
48736857 16923665 95
89952969 55532638 99
26672762 5624185 97
38466786 35929834 98
68629158 1692174 100
96462234 22165056 103
46057895 30096011 103
32214216 26373417 101
19498709 17806002 105
38413523 37327533 105
2976392 1174727 105
48932697 39193709 109
98333209 49402248 106
60135961 45144419 111
35279271 19134309 112
5456277 5024986 109
85660074 13200140 110
74416862 41566930 114
85517203 44915174 112
70084271 34278855 113
50939580 229786 115
97861319 726368 116
52837132 7060909 117
70489338 55503228 119
92612911 53497171 119
27902613 24719988 122
12948864 11785695 120
84747122 33050283 125
41337970 7689961 125
12082107 11312843 126
33206595 9035221 125
108868598 26878235 126
90217971 35043079 128
79733328 34058557 127
99194760 10555870 128
19627396 18930412 132
90863791 41368207 134
29808577 25943119 132
39563484 38189334 132
56176920 47873549 135
34978323 33143574 136
59848631 49991619 136
82941328 55656447 138
5034357 3824178 141
54716927 19485580 140
27193587 7463384 143
42591619 37700231 141
15162208 12572540 143
14222306 12512317 146
39127782 3359029 143
93291783 42857201 146
78785264 47637868 149
102811492 44127339 149
83894811 39245430 150
31790532 30248274 149
69887722 3672495 153
58129279 29889223 151
68604811 55985870 155
91122016 57721873 153
38951098 35520110 155
90380138 33580074 157
75999570 37023570 159
88955154 39165845 159
64572142 1018917 157
31805359 30230121 161
107982328 53169360 160
57022079 1917234 164
70767232 6795942 164
76127563 16187213 164
83296608 11768954 167
18797619 16031997 164
83278730 40702471 166
2766423 2225899 166
60974553 54005824 167
100479331 34716085 169
45948169 43858953 172
26397533 25587669 170
55484001 25882644 174
50530971 48259404 174
80242224 47487070 176
21037060 19278293 175
72038731 36325072 179
53505123 42899664 180
39778756 32922780 181
25815 1 178
34915672 31577795 179
26138327 17433375 180
65816827 41602836 185
43087572 23631337 186
44921847 367134 187
62857798 53175412 188
33989555 10357601 188
36966929 10758449 190
46159341 3346713 187
101320279 35547939 191
69074155 6538907 192
7634829 6123404 194
13002804 10647076 191
34454367 25968094 196
30123593 28979735 193
84912763 16445308 197
57827104 11016845 197
43157535 10165591 197
62900823 6496168 197
19727834 17781979 199
64783218 56842967 199
41311351 32086986 202
47379019 21029942 201
36498027 33009321 205
19715341 18747044 203
82122027 16053416 207
38999159 37266928 209
18181761 16692685 207
48821826 9699520 207
100391337 2806087 208
12429214 9219355 210
61571295 45019758 210
85190783 38150208 214
59069053 31859217 213
7690598 5245632 213
70545255 36326729 215
91055067 3212858 216
25053801 8901908 217
19243670 15982968 221
51704994 14537367 222
56729997 43175198 220
93326669 58706551 220
34353760 1234495 224
78264203 15232360 224
2705154 1163955 227
91951143 54704438 224
105672415 13624201 225
29296816 26066564 228
13925121 12999676 229
25750173 16452458 230
55568254 35550754 233
72580250 15458765 232
94397628 31021039 232
77106319 5434370 234
68691376 46080997 234
34399585 31104609 235
91425470 47157847 236
49376676 23802018 239
25634357 25214657 240
66050392 32959407 239
103678412 28565724 242
34785668 31479960 243
20889155 14572680 241
88414246 20204895 245
73022975 16791730 244
79931120 15530573 248
103386669 26379175 247
15144931 13658523 247
7905248 7737083 250
38169547 311944 248
55172961 2077945 249
10200916 7526080 254
19625125 19229856 252
88097325 51486906 256
94579531 45499661 253
7126673 4626521 254
100146847 35159213 256
104122242 16804561 259
24572650 23849363 259
5980708 5530052 260
48324414 12614113 261
26005536 25783038 262
84371257 11887927 265
109675332 16253074 263
61829672 37130623 266
8666710 7919221 266
23024949 18668286 266
79499443 53806121 268
71515168 24331601 270
12819973 12151287 271
100640106 41043700 272
39318325 39071584 272
74447 1 272
28422583 27926192 274
13575776 141011 273
67272362 54821221 275
95211539 27961875 278
670881 1 276
42727474 6399283 277
85826519 23471576 281
40784846 30726554 280
14184156 11228749 283
16452799 16183378 282
9319520 6495645 283
69144371 56787999 284
108820781 45328823 284
50685017 9254708 286
77035048 17395382 286
32585138 388149 289
94025131 46404272 292
32103989 29107855 292
1845973 1 292
73102407 4166834 295
104383145 29414525 295
23886898 23317900 294
6685198 5318098 294
101280693 32935242 297
