4800 1000000000
2369646 2237471
1685056 1016641 1
5290241 5113339 2
199178 46780 2
326215 300810 2
3625478 3563797 5
1965496 1938213 2
1284127 1234070 6
3150814 2966957 8
4166876 4106497 9
425254 411943 7
2971483 239095 2
4497608 4491728 12
2698651 2683022 2
2647781 2616476 9
1831977 1689927 7
2437078 2282166 16
3447315 3408207 6
3390781 3192828 17
2152235 1958217 1
4273288 4216384 19
1011228 928190 15
534782 461102 22
1691630 1528464 15
4606755 4534586 20
79473 71363 16
5224736 2854879 12
5199362 5125170 7
4400055 2474170 24
2418739 2284632 3
539602 485648 13
952382 897889 24
4035424 3953797 2
1750778 1686502 22
3438821 3013669 11
4767991 4583573 24
1071005 875236 35
337618 281244 4
1958697 1881923 2
33798 1 14
1572452 1467646 27
3695183 1525276 39
4302321 4109524 38
3755744 3593195 20
3593246 3557252 19
3877008 748946 11
4353255 266620 13
3519944 3318891 23
2990550 2807607 16
1476905 1331145 3
7793 1 34
3113988 284971 38
4325639 4133804 12
408120 387771 7
2393888 2197283 12
1950929 1778340 45
4611548 3990994 8
2420340 370258 47
2968043 2775568 16
1971643 1829508 18
1969762 1392282 1
525012 457659 11
4101864 4038696 5
4503898 4306631 33
52181 1 42
2188009 2067665 27
3792413 3726367 21
2071685 2000229 24
4907456 4656763 33
1543886 1529076 59
4873866 4697790 20
992884 271464 11
2317793 2236051 31
1993548 1968755 5
421177 236332 3
200978 52253 46
4937937 4851216 60
3387736 3225232 12
3545013 3351238 48
2014411 1924970 74
5057887 4926020 31
2753096 2666143 68
4046965 3938973 57
5037629 4991028 20
498054 312080 25
3372764 1672532 59
4763674 4757554 42
2008357 1807231 40
1216 1 58
1152746 1104581 79
1180147 728850 87
3423513 3298462 35
234376 157314 10
630356 474987 37
2739121 169055 34
1724553 149046 1
2008341 1807561 65
4219391 1656008 47
4563800 3416962 64
2453518 2429550 58
2485451 2437688 38
3906619 3869202 64
1295352 1030351 8
64884 1 32
2114709 2003189 82
1043459 1035405 62
5235837 1381453 14
497727 355184 38
3741872 3271769 49
2519016 2434406 36
26322 1 58
2405027 2276136 111
5301423 5154818 95
3970990 1176918 56
5268269 5255070 69
3826655 3679679 52
3990936 3003695 39
4323745 4180026 73
4306475 4136201 76
3845396 3737296 110
2571166 2363462 86
4303396 4150756 114
1116459 1028941 102
930925 761873 54
4878547 4821823 108
3231345 3026480 42
1508255 1307642 24
4409752 4239360 89
4256955 4134503 9
2989581 2953498 125
106032 39844 39
3400203 3290590 60
379549 229240 15
3394847 3196534 64
3116862 3109753 71
3824355 2603959 107
1361470 1204430 38
1374253 1276794 115
4770341 4750273 84
4285420 4145751 12
2810910 2660050 43
3219564 3028819 23
1823888 1717744 142
1321357 1149085 20
4184965 4065712 14
1001316 990783 132
4992652 1960606 111
736476 576416 109
730023 605123 72
715005 515426 43
2244937 2137687 117
3365543 3300797 33
3004046 2897869 129
1697798 1633417 46
3966855 704299 17
276834 221821 71
2024619 645717 49
430005 367756 50
3973965 3952775 47
4000987 3983829 75
3525891 3476874 63
1304439 1196104 149
3104424 3001397 132
5310009 5115831 154
5066008 5039050 61
1198447 1082723 128
922744 905788 77
2822879 2816284 80
2137862 2014551 33
341571 47552 24
4807641 2377394 127
2907245 2875047 56
2543322 1245069 152
1392876 1228205 48
3356294 3224670 156
5272429 5180602 117
2996689 2911987 45
5011711 4922699 52
5103295 5008715 165
1550045 1370223 99
2674558 2638659 33
4407485 2692454 76
4427547 2496070 37
1065370 1023763 145
3248575 227126 141
636585 498751 185
381219 284515 40
2651116 2579273 2
3533529 3368246 98
4120045 1669097 144
4489299 4328327 53
896526 773490 178
1796636 1605703 39
4881382 4778939 61
4110556 4031532 59
4184734 3465151 156
2634403 2577129 42
3891979 3689997 168
2046397 1933785 115
3667782 2075073 155
249080 216769 108
3002294 2854989 200
2042840 1859635 108
3696603 474956 78
4161749 4099794 101
2887440 2813394 162
2044715 1931629 71
347816 262719 94
3685314 3541935 188
2026213 1988184 42
843159 782948 12
2962466 2916729 8
408888 254879 95
5259461 5017957 64
2923564 2671817 99
5004349 2159446 113
3768556 3590308 208
1681862 1664330 21
2946562 2892980 90
254101 253684 116
4484400 4296000 196
3335365 3134759 78
5068508 4933893 123
2462538 2380333 102
4060532 172918 30
5129131 4972261 2
5138680 4966808 207
1973095 1942270 222
5011209 3708613 199
2059791 1912484 91
1599712 1479074 17
3021402 2990036 85
2367984 2234262 159
1523984 1456483 229
3017732 1104164 65
1830916 1751843 9
4426831 1481262 27
5124433 4962338 4
2880497 680332 41
2209927 2022953 173
2187103 2130794 204
3146923 171607 205
4799255 4785144 3
1570540 1374093 41
442039 311817 192
5252417 705521 33
3515942 3512199 150
4249149 4067706 109
533020 351300 220
1397665 1308165 157
1521162 1365474 213
3396282 3370209 39
2396711 2209357 169
1640665 1505966 114
1582323 1468972 78
4569749 1744914 117
2485145 2285084 134
2511494 1396042 62
574611 437287 26
5216884 5083866 146
1923633 1737122 149
3002515 2807591 78
1662473 1625777 254
2139148 2109834 39
4332537 4286768 59
1624058 1566215 224
3668580 2172670 158
4578049 3002264 238
3769606 164151 196
3215741 3201463 37
4141959 3953668 168
2993559 290354 6
5011079 4878828 155
508637 359044 167
2302319 2232696 178
3288289 3167992 260
4029422 3964455 261
257081 120207 50
2173712 2125928 228
1572860 1470562 33
809834 799788 246
1072172 956221 106
3405650 3254522 164
4179688 4146431 56
2327341 1642164 278
4027289 613446 43
5198376 5196186 44
2428353 2387781 37
3612265 2092288 221
3537493 3425797 141
3796971 2780130 105
4500450 4341543 254
1496680 1415331 238
1930344 1901749 197
3391791 3352122 58
1419291 1220151 103
2079001 1545626 278
4623464 1614850 154
657720 655394 216
1796279 1727902 100
4138789 178811 129
3735925 3549011 145
149381 76701 250
3195281 3119163 56
2807129 2712935 219
5180688 5117128 79
5147755 3610387 151
3953674 3932388 146
2546993 959163 131
2232698 2140740 99
53982 1 191
2758436 2751065 105
535258 348479 234
1960793 1940235 186
4536289 4383041 285
2342049 2141200 283
1599164 1284526 188
1871194 1768608 271
2699549 2635341 314
4097819 3770418 59
2553783 2410406 293
4967766 2924036 89
136495 97282 10
385899 339628 74
3468082 3269464 219
759224 685656 250
2723929 2592250 47
2941619 2815317 51
2181938 2048870 138
1799855 1782298 192
4361179 4170098 278
851771 694340 289
777339 689284 327
3347322 547475 255
2862006 2776617 21
4731045 4556775 286
2117041 1998025 298
3252649 3056683 299
3985446 1345543 49
4789340 4613933 75
2569311 1294298 288
2456918 2399149 20
4555687 4460166 7
3774906 3707009 30
931939 810129 333
4494568 4343263 128
57737 36364 54
656458 542151 63
774287 638476 145
1746938 1644345 155
5187943 2496074 174
4657270 4589446 238
630643 435806 27
3399117 2232295 129
662515 518779 209
834400 633416 157
4467409 2467833 125
810104 699386 58
188226 127392 276
2544090 2496523 188
2062522 982741 213
5079704 4996683 167
1529070 999473 166
2142796 2097002 309
920354 787823 108
2612038 2515708 42
4316329 4197818 189
3537112 824403 297
4163462 4017723 233
5035016 2850370 272
38038 1 174
2523157 1502118 274
4494646 4397117 217
700242 526281 33
152422 16189 80
427465 420605 158
3255287 455074 121
841058 747405 287
3348612 3323573 198
4905867 4856243 304
1108121 993287 342
4844398 4747550 169
4039513 3791568 371
141274 92700 206
517636 327647 131
3953959 1176345 304
2102902 2083570 195
297305 218682 104
1189764 991408 150
2481252 2403428 354
3745852 3700611 46
2273726 2158221 307
634112 516657 208
4255755 4242228 268
4022334 3947289 335
3123298 2983958 188
1262937 1235443 117
3413255 3016549 214
4250078 4245014 165
110056 1 100
322346 166476 297
3454190 606901 287
638930 582182 183
3696917 3622189 49
5050869 4894625 159
4956607 4820584 85
4815879 4608693 280
873889 806400 295
4134872 4070767 220
2795668 2672074 193
3508352 3368291 190
1048781 974321 23
4483848 4087109 228
2539530 2392980 86
5004443 4431422 257
3071305 2874576 245
1985261 1827995 58
3196325 2277419 353
295617 151749 413
2306546 2149490 191
4770014 3643055 351
3226613 3184068 337
3320617 3142940 346
1868256 1529795 60
1494173 1442748 396
1342258 1257188 101
1764782 988212 158
4289847 4155100 406
1608355 1495074 347
961163 934481 136
149967 56931 308
2542115 2342505 153
1663027 1640564 280
3501516 3367767 7
900010 889338 266
4181351 4122532 301
4734551 41987 240
622283 505906 23
3811260 3637093 66
4819140 4782027 51
3341192 3336378 40
282210 247290 162
3277280 3233539 92
318370 127431 364
1616887 1590186 369
5208362 5162871 162
4810604 4698324 212
3371177 2430333 357
2421925 2218370 34
3206003 3157885 393
1815221 1809534 79
489099 467358 25
440593 261326 365
2816685 2634112 336
861240 842758 246
4035239 3829983 271
4314901 1051229 391
2913771 2861556 71
1991510 1815805 80
1578708 1511801 182
4565862 4407299 308
3348003 613412 353
3019793 2889261 302
5186338 5031253 238
4946143 4827520 456
1839331 1773685 64
2109458 2009461 221
5264636 5101704 113
934102 909445 177
4811824 4536675 375
3647590 1294644 80
3606408 3544561 117
3581806 2655907 59
5096089 1290029 255
3151968 2951413 337
70275 20220 392
4335409 2143544 210
4920154 4817723 59
3889035 3776617 280
3055139 2868954 139
2291435 2168788 345
4414030 865707 325
2597977 2574394 370
2871669 2675439 266
886816 692206 202
3926258 3751049 47
2216205 2060651 55
3919331 3719591 19
439486 260230 51
313486 252414 346
638782 588632 300
1433370 1429890 49
59269 1 366
366515 277325 309
3574975 2169720 344
243057 225765 104
5185281 5077019 183
4348889 4237583 432
1655681 1504400 123
2850269 1192675 318
4784389 4639150 287
2064356 2020540 459
1085508 1085387 459
3810250 2118813 265
825742 773309 286
3359646 3202196 221
5081132 5034427 194
42229 1 502
2432156 2299750 48
2963087 2806239 272
5045592 4862407 441
3247535 3078269 510
2914735 2763425 385
2756667 2642295 233
3866529 3789797 489
136906 46490 419
1979410 1897137 347
2557130 2528094 354
3982315 3957220 51
2775942 2027580 392
2487706 2389477 382
3884660 3751043 496
5039997 5027950 266
680007 531542 326
708356 643760 23
3118799 3021105 338
2939853 2791155 478
4794056 4666296 313
5284602 5199254 231
3033915 2864636 517
4595561 4506175 388
4206115 2484845 30
1550611 1398252 532
4999660 1930810 506
1083590 715610 431
1301398 1211199 275
823187 763167 25
1516373 1494599 325
4274963 244208 467
2248482 2174622 323
3999367 3825147 105
527035 504653 330
2633325 2541264 393
4477702 4109003 456
129788 1 24
215402 147084 32
2315981 2129347 267
3321375 368454 385
4214949 4129466 401
3667878 3582296 279
2194137 2037023 55
3378166 3297804 79
317840 220467 490
410174 300847 227
4261825 4126312 323
5036036 5013061 483
1690546 1584196 156
3805187 3665321 336
3226982 3034290 37
2652392 2613213 238
4916302 4424187 437
3775665 3748764 136
2272285 2213051 339
3816292 1966145 410
3885319 2457693 529
4234852 4032202 77
1161315 994213 379
3413249 3323895 378
269244 61563 141
887216 875404 387
3441019 3387239 100
2592530 2420536 468
3488394 3408763 510
3427719 414244 114
4711708 4706699 511
4199585 1040521 226
2061600 2061115 223
3364793 3281105 341
3729284 3562353 211
4527105 4496474 416
5014608 1781196 166
184906 7039 433
2536318 2372937 471
144584 141068 390
504444 416286 468
1816504 1799868 78
1044589 868287 6
525497 518923 141
4921789 4889411 538
3550020 3357309 359
241557 188455 91
2636375 2576065 434
1468791 1340752 117
3170940 3035211 571
1260413 1241957 538
4355589 2288877 296
1581250 1452105 27
1718648 1707980 173
1684186 1631498 8
4531620 2481195 190
386556 305684 56
2727585 572621 531
2317031 2201647 156
3023092 2837991 186
3639560 3508469 72
3008328 2840976 471
1171781 1039293 407
2844221 2823597 163
3063221 2898570 566
2789186 2769377 504
4768776 4617958 335
4316202 4130532 496
4116119 4083368 35
2418706 2397479 200
2462804 2377560 108
310296 245535 404
4302933 4275908 248
3182771 978897 90
1204009 1003122 333
4361247 4161557 114
1084736 1005291 103
2915404 2045923 147
623670 474954 172
4450971 4426801 504
757787 676383 356
1781845 1622171 498
2815356 2664156 547
1760271 1593044 68
2037340 1868746 120
2540696 2396064 318
4764755 4714644 508
2902064 2745799 217
2365002 2168313 556
2842676 24707 468
2917251 2806598 305
4069505 844115 411
323595 201203 225
1283112 1248741 186
3841719 3742539 190
1732555 1557413 565
4390061 2047645 382
4271537 4177941 374
1370720 1250151 432
3119703 3062526 52
4292573 3307336 313
1745235 1703133 632
2470166 2310694 130
570403 408944 319
2990957 2976556 563
1302380 1294475 210
643581 437459 510
1808484 1620703 178
2040326 1788731 472
3850056 3740038 394
4771592 4608295 292
4856817 4511803 178
4005937 810446 228
798260 612015 280
3533915 3464682 497
2637664 2430391 280
1058783 895438 302
4881013 4723779 109
162996 52453 599
3548690 3508141 428
2239146 2234897 591
3345042 3149462 336
1145175 967123 510
2426874 2323423 339
4675366 1615313 538
4035025 3198165 82
3371404 3164015 308
2021699 1980528 577
3430531 3397592 245
5298555 5140637 2
4637216 1098080 113
3710700 3140285 95
655860 548641 435
4739051 4724143 30
3781048 3704765 273
695406 509701 620
3175846 3084211 463
2586055 2188490 619
2103628 1968573 102
4760917 4683184 534
3659289 3548228 402
1531400 1421600 541
4885654 4858678 499
4978256 4797658 272
2621961 2549642 467
2168899 2153205 330
3978199 3231138 295
2066889 2014767 2
4526834 4404853 128
2366573 2217671 427
1257531 1054189 121
3101070 2954145 194
1166099 1048338 10
4632952 4440615 681
3509826 3364497 689
3812616 3701370 241
2751680 2607478 296
1881181 1833083 51
2435627 2425821 50
406754 335294 356
746736 554802 157
949362 870802 419
1383912 1264243 54
1927154 1893439 54
506611 327898 592
2710575 1998325 612
2364481 2357572 419
3392862 3214013 386
728328 577504 650
3002826 2805317 50
2736 1 223
3802895 3657356 13
1877888 1718954 611
3260068 3143042 227
1396891 1269927 597
784320 686042 299
2356046 2279964 403
1895560 1723988 680
745007 659006 351
2853806 2772468 446
4543520 4503351 669
3815689 3628395 580
2532476 2377411 52
2023005 1852125 557
1127343 926209 109
3434278 2933005 424
1419930 1340975 466
4987369 4845364 60
302723 156531 385
1363373 1066982 494
837652 774903 659
3429514 3266143 635
2847700 2735188 212
3909271 3816982 416
2680139 2663210 305
3650319 73815 340
4374165 4280069 394
749455 572797 583
136416 6185 80
3872960 3670867 547
2255728 2094406 78
3873639 3249914 441
1641536 1455961 550
915900 770136 677
4062290 3939546 700
379248 350190 199
814329 772067 455
4103179 3972156 653
5222442 4089139 641
409283 248397 129
441667 45273 196
4670612 4580709 275
1539879 1404413 294
3679713 3574286 62
1310706 1238107 244
3120357 1101116 430
3411060 3336592 657
147289 45455 761
658438 572623 596
1821862 1735230 449
134354 1 318
4430317 1697690 663
493430 333419 609
1674325 1601665 634
317773 272225 123
3212186 3147297 356
4494931 4324240 57
190616 100490 259
3568944 3446045 479
1563247 1446225 188
3704177 3536132 678
4051652 3930430 412
3661545 3541558 192
1729762 1715931 407
2956292 2820446 733
1948420 1899465 775
5258849 2570193 158
4056577 3869152 47
5217755 5201659 349
1057179 925477 21
2564339 2407340 689
483157 320644 688
3531983 3443849 319
5004017 1644969 629
2090470 2083295 60
4633433 4493363 72
2714635 2515465 344
1537780 1378141 728
3129136 3036927 236
2170918 2125786 52
3239601 3109604 269
825120 661887 225
2710377 2681522 84
1764665 1560727 562
2691140 2562990 170
989676 843553 795
490353 360849 115
2422804 2385091 571
2699015 2097655 376
2682914 2533479 583
4665507 4600133 316
329375 316829 646
3652114 2408459 406
5184347 177563 357
882041 681160 220
2517984 2413472 340
5202415 5163063 704
3464490 3269040 331
2228205 2035259 379
4052025 3874440 52
4367141 4251016 676
2715649 2132556 204
4724995 4693736 208
2548219 2512436 27
2117983 1969074 573
4285057 4180052 285
2164324 2071313 297
1128201 971194 75
4132674 4018898 248
3849834 3688375 660
2230290 2227826 816
56749 1 277
4275309 4166445 266
3350857 3198174 326
3142680 2955035 257
5161821 5054021 29
3334277 3233916 444
4148659 536852 566
3796479 698568 794
1213322 1147820 766
98251 1 185
3229238 3204703 329
3600117 3578170 318
5107312 205131 354
411264 237195 493
2448471 1212714 522
393474 198904 79
2010731 162874 658
4976706 4947416 50
772603 666241 325
786075 697278 696
3963061 3823869 434
309506 101373 374
4949321 568367 478
3080369 2942052 48
3332341 2643868 795
1223778 1057489 229
4495219 4411006 469
3677391 1776585 574
464650 416317 585
1501083 1336678 807
1366942 1256545 140
1309395 1293704 332
1105412 930757 454
1219504 1200231 411
643958 586852 508
4963195 4893835 659
5271670 5066012 677
4371559 4292789 515
119638 1 654
1677639 1672179 338
1597993 1441154 191
925142 821024 774
2358931 2354596 326
1562653 1535142 295
4237652 4052042 289
2106634 2089988 487
3936262 1221186 328
4275630 3719856 155
2287788 2165769 738
2808506 2733489 39
1075088 920291 493
3574482 3572366 402
3396346 3393970 135
4114184 3962735 412
5244904 3820431 132
4931090 4795467 671
2507720 2379862 153
3655230 3473604 717
877460 701580 843
2565934 1956448 732
4657030 4496186 435
602817 457968 301
5223969 5045094 307
3074007 2971571 246
5087406 5007872 33
4415448 4272963 500
3872059 3680338 463
1864433 813218 613
3284086 2397499 174
287105 188838 361
3138378 3035457 435
642860 456063 761
304687 269976 363
3359706 241674 519
1196333 1079064 354
5127672 5049939 8
1219560 1174097 671
3124040 3079685 449
4000769 3992145 72
3047324 2984656 70
4571803 4556747 455
679298 604214 100
1034282 924855 490
5077545 4931221 511
3705594 3623238 821
2662358 1706490 69
3307363 3247849 863
135434 11827 639
3639053 3508202 386
4524226 4333641 696
666877 486622 61
4645673 3627294 41
4256922 550566 570
3484895 3394896 567
686117 551743 664
2636016 2546759 866
4071992 4006444 591
678788 652866 440
3586741 3581094 551
1840332 1670927 466
454482 322260 833
5152839 4959094 475
1479937 1337220 380
1882016 1789315 305
2259213 2180529 886
1853293 1723555 917
1062390 872494 554
351982 208824 674
1868756 1829486 849
884657 761675 451
128704 9711 418
2557040 2410212 354
4007429 3964757 755
4404802 4379643 171
453451 390420 514
2749207 1124136 940
2246447 2183553 514
1671443 1555976 113
1877023 1875000 728
554343 449952 302
1079392 927879 237
5086178 1216565 871
5086115 3813175 12
2051403 1906957 386
5047279 5028645 827
666128 526619 228
1132004 1067598 119
2042440 1901511 509
3874890 3727153 666
1111624 996941 410
1867790 1754699 190
859923 759993 7
3357418 3261172 675
2781816 788002 427
3269325 210428 431
1396909 1312833 663
4222211 1215513 929
4432609 4291966 960
3179747 3130972 326
3624065 3470148 427
2023201 1821275 441
1963048 1955958 286
3356631 3233871 170
225957 117777 437
3334991 1876323 34
5295438 2518843 596
2072920 2014770 665
2274118 629304 670
4108551 253237 845
2364085 2340155 208
724381 40202 170
3608991 3463354 61
2129367 2086655 765
2762262 2744039 152
4785056 4703774 539
5060850 5022954 12
2997131 2889565 416
4040226 3992283 564
1012984 827098 655
1691550 1496321 161
1158437 1050270 409
1650220 1577540 906
5191462 3758487 197
145849 1 217
3336082 3326146 502
441902 274271 282
4410035 4259934 394
344645 227285 687
2790482 2609791 853
164321 32263 541
4177973 4168848 689
274656 96984 144
3036609 2982068 462
1503865 1491965 792
4367203 4289552 836
1110954 985351 600
3018294 2872684 581
46309 33108 774
939042 777789 45
5005993 4937298 903
602327 594318 904
742083 571256 59
2524229 2511032 237
3685197 3611294 45
1999168 1951494 748
1850517 1807492 338
1019113 932169 97
555197 388308 528
879572 842558 921
4224304 4133009 906
2310538 2160730 327
2937058 1825997 741
2497190 2444657 359
4243291 4139380 372
4142108 4023440 661
161916 141332 99
854278 731301 167
3948816 1180719 695
5300338 5106407 558
739479 648371 851
4636887 2742498 943
2492585 2327401 747
58866 1 415
3682374 3536634 443
746942 743952 809
762522 759326 912
5076366 2144399 1010
1841598 1653292 894
4378284 4197597 325
4352593 4153188 135
3757447 3629352 286
2255251 2158108 89
4380323 2230420 393
4007765 3976177 582
2453988 2405913 450
2071137 1899498 709
3396355 3331406 414
498193 335211 464
990615 819423 929
4955691 2944354 67
3685944 3563747 197
2408238 2240119 250
1654237 1623947 369
2342999 2321296 393
3003041 2921778 693
4101031 3967794 109
4600981 4514396 89
3648447 3574409 138
3971479 3917884 247
150973 14207 243
3459714 3402451 876
3110748 3109764 963
4807782 4761592 538
1242909 1202637 944
2650599 2458816 423
2848353 1655503 510
2454830 2294214 230
2413809 2371630 800
1453154 1301389 299
4432144 4296379 170
3252922 3140452 1019
4238329 4147044 409
1773020 1571117 1034
5123994 4940689 479
4509207 718055 1050
2117710 1962827 250
1801840 1742371 625
1507138 1390988 1022
1531117 1440911 458
4553777 4408201 309
5294436 5198196 865
3461998 3426813 773
2759436 404824 339
5232123 1700872 545
4859801 4762934 179
1230319 1151868 623
162699 1 501
3204923 622746 551
3956490 3780806 141
496485 433402 632
1787119 1676570 944
52171 1 1014
3879505 1046844 250
3329180 3127745 172
4591344 928262 894
3683156 3649842 366
2504752 2437543 631
5171528 5118329 552
4162074 137830 611
974610 843635 487
72124 69566 918
4060012 4024374 407
2415300 2224657 282
1685001 1615404 538
1593089 1585729 1022
4955409 4834436 886
4520911 4389698 419
2274249 2173199 470
3242571 3237561 950
2424234 829285 758
2879711 55974 933
4634384 907490 172
4482157 4376844 561
3440285 2835838 192
114300 54754 768
3973613 3933295 913
2544344 2427324 893
788896 687064 619
4286657 4113340 972
2744843 2570016 121
3398512 3387863 585
2534204 2375253 703
1634599 1514201 970
4973357 4839438 202
4013657 3980347 568
4135101 590384 244
1408750 433407 776
463212 257701 724
150666 70563 391
2027854 1860719 979
915026 727825 840
3647256 3518347 1111
1331547 1170999 768
1947849 1862381 1027
811543 686268 770
2508329 2404631 299
3648691 3457250 906
3004908 2961567 373
3328792 3217299 389
446410 346010 378
468694 439075 1069
1550299 1384700 631
4202777 3064874 208
1105516 914478 1009
535262 373953 729
100743 1 1090
1566256 1036559 373
5240035 5054229 777
2008500 1966578 919
2241372 2081867 328
2190564 2033394 284
4767811 4653734 883
2697545 362718 662
1104791 910131 182
4671028 4585760 515
114195 1 637
4391507 4351263 486
5266241 5189398 1014
1010185 852478 963
2685176 2536396 1082
3647811 3460906 895
3695057 3538435 334
871462 809865 862
1873237 1795905 1023
2685367 875808 1026
77137 23212 864
1973580 1912290 481
3370648 3278509 638
140156 66773 286
560670 399803 1131
4530316 4390855 725
3208755 388804 1149
2331289 2161911 595
3876676 3685610 584
579436 379241 940
2883787 2801197 942
4555852 1849644 201
645702 470081 301
3777640 3688920 1042
4176044 4127603 257
3748838 1745156 217
1491246 1413218 868
5009286 4989003 627
3626874 3435882 316
4626682 1733430 387
2023966 1968121 260
1611824 1539005 932
3544684 3385597 321
818251 779235 716
3384939 3289486 670
3990523 3978299 223
1659468 1454818 399
2854464 2802939 1143
2307932 2218614 920
3736347 3633632 1043
1369972 1332525 646
4662922 2589010 1116
5022438 4949422 917
287231 109664 264
4735764 4705176 975
1345208 1182575 1162
4825025 4694021 394
2445764 2417003 742
1112865 969148 673
3942244 3900919 993
2264233 2224007 217
4727769 4603229 1014
4355015 4214830 972
3359573 3324981 865
1835802 1693134 712
1860341 1168932 720
2697590 2682155 832
4362161 4168855 1084
5178611 5038757 721
3294404 3194529 1121
1369054 1273263 1133
5023884 4827410 935
2019600 1988184 1171
5011233 2880653 645
431723 351693 1028
660054 490774 1091
5065751 4938211 623
2353489 2292213 1154
3993416 3892039 1140
5005722 4853891 680
3714967 1627110 443
1578939 1468133 328
3458405 3335809 926
3134942 1327816 390
2016182 1974889 265
3844733 2567275 935
3331548 3136511 489
4685026 1463916 1134
4930176 617972 937
4408536 4307467 1136
766067 690620 1085
1205056 1152535 1096
1043778 885597 1009
1814676 1783289 377
1422695 1330615 1177
2036074 1945304 258
3376004 3228285 514
2421685 2348305 597
2917228 2867540 336
5169417 2607798 821
4581119 113097 661
5203694 5009154 369
5262214 5216823 632
5177329 1666404 851
2248803 2053500 690
4694761 2947975 775
1975712 482489 1240
5172329 4986728 1032
893028 691492 1239
2706411 2632878 469
271367 259985 1083
25394 1 624
4545729 4341493 798
4775267 692298 781
4735339 4654452 462
148444 1 985
2193240 1991260 374
1679987 1651742 798
315108 280504 314
50651 7164 858
3714750 3516015 775
1002980 931253 577
4084309 2438316 616
694283 684606 918
3747242 3584087 1081
3766631 3578296 861
1387459 1348758 1144
3194607 3101078 1154
1895879 1715899 1117
2882849 769177 793
4441618 4359099 712
2041332 1834985 672
195344 182304 402
4233061 2834816 368
5164630 5102864 1001
264442 104194 1191
3934218 3729407 1064
2709429 2636013 743
213145 32644 844
4147817 4128517 951
3486548 3446117 520
161178 155743 1232
3145871 3007208 472
533263 512198 1280
703716 631372 936
140979 1 418
443733 418067 1198
1420848 1266655 723
3040320 2977045 610
1885234 1204302 454
2326539 865925 571
61864 1 1222
1478713 1450813 726
4914412 4860336 418
958634 796229 1100
4424179 4281081 1276
134599 11789 322
1233517 517933 656
218339 209856 941
2143668 2105133 322
4728826 4558053 1120
2948797 478303 1143
4064167 4020107 384
1552468 1400882 1169
4673832 4564855 1119
4045506 3915340 663
3090553 3007857 1187
3631075 940803 443
2351572 594356 703
277881 120756 1208
200903 148528 496
4985451 4968278 1036
2704589 2641576 1008
1325115 1185680 867
2376899 2268993 662
2400057 1470294 656
3323795 1347560 1147
4823395 4677501 591
3896670 3742200 557
3647255 3474417 557
4988461 4834464 863
4957044 3647079 1021
643494 527749 1206
5182470 5100909 994
367388 283503 749
5176733 5034646 371
3249985 3110126 551
2253017 2136319 842
1340715 1196685 866
691591 534189 762
4391590 4309587 634
73133 1 538
1765888 1709201 770
73473 1 892
3668058 3594095 1183
397926 356107 1204
3216250 3079597 1004
5006533 4812056 1023
229860 191548 556
5102737 5063615 431
110119 59502 741
3150301 3030689 402
3986005 3914886 1139
4249267 3815833 1179
528635 432792 417
2827794 780301 607
77006 1 843
803198 611777 520
4540761 87429 510
3394411 2968575 724
4160820 3964072 661
2763930 2711538 1255
4699998 4678428 843
2238606 1544777 691
1081694 1032030 583
1469275 321379 951
1570650 1507280 787
4530265 3034245 1269
2334314 2198712 731
657056 457048 1312
4819537 4623365 1180
3429033 333359 1190
4557098 4444970 1168
4250867 2632692 802
242163 199253 421
7061 1 1217
4574235 4542679 878
4327894 1397685 1142
2495458 1163235 888
2359099 2356370 813
2398272 2303696 807
648458 466389 931
3849954 3697649 532
3494253 3452800 403
2846103 2180580 1199
1676994 1623025 1033
3533243 3463002 1154
1364317 1252687 530
1930842 1892512 960
3867695 2701509 528
3994044 1882036 792
3154660 625971 994
3315970 3200574 644
4586594 4516559 417
2704270 967432 673
304480 202401 643
4896550 4785185 937
783220 681930 571
959229 762567 674
4230421 4133377 1357
4786183 3749833 886
1650548 1600064 590
396569 297231 628
756264 555416 649
1970274 1902058 854
4535144 4515201 482
654222 282081 496
4037742 3916184 718
1894588 1800059 1302
3926717 1033860 1104
3668567 3509005 485
4064373 3992359 676
1697816 1672387 552
2129179 2023405 655
2637744 2443910 555
981934 822519 1332
2662452 822622 971
107262 48157 719
1511156 1425713 891
1991562 619787 636
4666277 3623658 847
1320753 1223775 688
4522271 4343771 1235
7636 1 767
3278068 3227999 1260
1217272 1133365 755
125620 1 1309
4904851 3588700 706
2672410 2623456 1346
4314182 660818 919
4348845 4201173 1353
4741006 4713690 990
1091638 1018148 618
1928595 1848141 1029
5317438 5115924 637
3840917 3710541 565
3898982 3809062 692
3731825 3647777 522
5049084 2893442 706
2749862 2711641 516
2170910 2048702 1341
1241416 1072783 570
2671839 2622825 913
805008 784450 572
3185372 3058657 1201
855320 703554 491
5291804 5158971 1177
3738350 3646626 1189
31855 434 703
697177 673866 661
1828540 62616 1211
1339101 1145921 992
4186809 4169362 1212
5154382 4990583 1304
2061705 2050470 1374
495132 316199 700
3817613 3585946 1299
3725300 3621523 1158
4395748 806475 1050
2096524 1946854 593
2501514 1513238 1045
2744811 2714131 763
3907059 3786659 1015
2789890 346250 592
3242687 3130959 870
1228931 1105992 1050
221498 61347 613
3960648 3817540 880
168730 99396 1105
1447571 1319050 522
3945563 3861684 1293
3444054 3301772 569
2857144 2778463 1421
2813784 2611915 716
760688 718146 598
2957030 2865442 795
4314884 4122660 643
3434209 3385909 863
878799 764575 864
1556242 1402643 519
770028 589294 1282
3184471 3071920 803
1147733 1072967 1364
695111 675103 1019
1747849 1706752 890
1327087 1277447 1264
1538156 635295 752
553412 527410 1145
3049087 2871225 995
2727791 2641702 1279
747089 660588 1430
3740443 3705024 729
4056057 3927457 630
2584132 2391803 703
32142 18745 1190
4853331 4832092 1049
2516985 556463 530
1533037 1397471 833
2321607 2214351 926
2469170 2267228 1194
2705993 2593839 1390
5114084 4932288 1427
3918218 3756913 560
1991047 1906313 1341
3658254 3627835 1485
4580082 776898 855
5170210 5131512 659
3315772 3164883 1361
165471 38502 1124
5010502 1833315 948
1325205 1119537 1159
1769010 1636637 623
1604845 1440938 1365
462783 407703 746
4492845 4439709 1412
1975541 1794519 606
3858421 3852390 1359
1006504 969552 921
438336 303772 1427
2131193 1982388 1174
49685 1 1179
271767 206036 1242
1832189 1786408 515
453722 282510 767
4031145 3866272 759
494481 377191 1451
4650569 3905735 949
1613979 1196661 786
4004178 3847596 1077
4822401 4631135 1510
1476041 815024 1286
458056 324619 1454
3580033 2193119 1085
5250177 5068525 892
1662153 1532551 874
5030935 4987666 611
2060951 1871883 1421
1619434 1483343 697
505066 471917 1520
1651734 1593948 857
3455219 3320272 943
2972608 2897575 1112
3986664 3895738 1077
4840458 1830938 800
3693416 3502018 841
2842602 2819282 968
3933139 3792063 1125
1214959 1122383 1466
1135641 1116507 798
789434 628807 1002
50422 1 942
4998973 4872633 563
3572182 3415180 1331
2833482 2683889 1059
2004098 1986526 727
4921675 4759313 1294
3682189 3601923 553
2258811 2144487 839
3819147 3748394 1299
4867239 1930003 923
5125445 5100797 1521
922528 804743 1261
425121 375384 1048
3808563 3698548 1489
2528581 141383 730
3144030 3020275 572
2267015 2243352 877
2389228 2198922 1392
3782654 3642567 596
2056845 1943526 651
4671419 1636190 892
5265549 3582486 760
4735707 4594685 1112
2442941 2409026 1244
4073367 2754075 1436
2113774 2055136 994
3004769 1787919 652
2458726 2263766 822
30719 1914 1278
4065246 3859019 1020
912908 836834 1515
1996823 1788825 802
1531525 1458337 720
2050390 1912903 1488
2683248 2645834 1338
336748 172518 1206
3277066 3161847 1013
1552362 1495686 1270
4990673 4937017 1259
3878920 3868930 1523
4014134 694795 1010
669919 633817 1405
1784278 1693374 1397
1727127 1673537 739
4225730 4110831 1168
4655485 4560911 724
1565888 1392907 1328
711592 668595 1356
3055678 2564245 992
2092628 2014092 1037
4792391 4704915 956
1036973 376717 621
3000003 2868617 1377
4741562 4581999 615
4470739 4349730 929
777142 656705 1288
2807957 2618484 1483
196287 191177 1107
696015 534699 1400
4368033 4329062 676
53452 1 1119
1274587 974182 1567
3654028 3611394 1224
5059708 4910096 1322
817908 664905 1459
3595934 3516324 838
4749050 3554617 858
16664 1 984
2313432 2187376 969
2272256 2181335 637
2375181 2165362 997
1918841 1904096 736
412953 262322 913
156887 1 1421
5082780 1230808 1305
3898535 225652 833
4188286 3983762 1593
4155931 2230689 1392
1914600 1828901 1189
4592957 1560457 900
29941 1 642
4637708 3665896 1202
1719733 1542388 1156
574068 557967 959
1967076 1870453 1149
1335189 1281942 1423
4707335 4538459 1339
3032092 2877392 668
1413080 1324432 1585
245103 237054 1548
4198856 4161670 1508
5232861 2476739 1530
5223981 5073756 823
771386 770002 875
734956 540148 1334
2047350 970703 698
4484130 4384345 1238
219954 134049 859
321168 207531 1546
3128639 786216 1514
368605 211637 1310
4502534 4306116 1228
4588488 4393357 1190
3744742 3548493 1325
414539 297132 1255
4550787 4461878 1038
1836598 1674344 1420
3405781 3353975 735
2359811 2350977 1329
2080401 1983079 1626
204283 32344 1602
4613634 4484412 1148
4259135 4154666 893
608816 542756 776
413167 222596 1372
1099167 1061418 969
2101976 2038593 865
1555452 1347488 1605
1283454 291937 1301
2101425 2059710 1272
1902987 1734222 1152
2822331 2784329 917
2514427 994540 1152
1748311 1660801 1520
873041 803241 1167
3117749 2915641 1254
3983864 3833041 980
4192919 4143556 1106
3114541 1505400 1592
47458 25303 1152
2052149 1914018 1577
257023 186099 932
3258305 3054685 922
2694548 2566816 755
69496 1 903
3775207 634740 697
582926 472692 1565
5194808 5019305 968
2421759 2288199 1167
614369 572365 1029
4490487 909529 914
1928060 1885562 1549
2250659 2174423 1289
1930731 1773075 1468
1800070 1671111 1512
2658500 1681254 1004
2854176 2679215 1683
4692058 4537307 836
793114 661018 1359
1404149 1370542 1229
839194 700657 1631
2283182 2128594 988
213941 100357 783
723303 599900 1215
4493804 4441956 987
4950950 233015 1231
3323579 2679808 744
3458330 3448861 1241
4017868 3831198 1282
2015227 1905175 1378
4042540 3964524 763
2750642 2625515 1301
4327812 4316144 1265
3328290 3175968 1646
1534114 820213 1463
3324555 1971071 1050
2857360 2575032 905
3991720 1083059 1277
688613 635828 1092
3377128 3280010 921
3435065 2848925 1435
3682072 3604314 964
1956273 1805202 1178
2710565 2503348 1049
4022759 3915410 1550
4702024 1114670 1036
4480917 4337273 866
612268 496398 1185
4913490 4903797 1323
1112713 1068302 917
4647814 4551262 931
2764464 1560420 772
4564430 4505120 1056
1691843 1508304 1472
2063360 1962565 725
3565208 564965 1519
4522806 4437948 1439
963122 897756 908
4808691 4635376 1504
4533457 4340069 1596
2092379 2035463 1543
2782141 2577589 762
2412782 2376331 1286
431534 236462 1322
4602097 3924240 1376
2894022 2724170 1081
3321038 3246339 819
3912032 3809535 826
2084284 2075903 795
265010 228551 1241
3504691 3308759 1666
254856 235138 1442
911083 874096 1054
2434399 1791495 1138
540117 534339 835
2509632 2469035 1548
2117383 2078162 1740
1961413 1848154 1220
2984327 2827221 1309
1803521 1694659 799
2560139 2400896 1714
3013681 1139458 1280
2732747 2669111 824
1670962 1511725 1355
3802350 3647586 1697
97909 1 1436
4179115 4156621 1564
3515609 3494807 1064
3889612 3834311 859
1612997 1431335 1619
5033344 984353 1042
2279391 190199 1103
4749191 4593960 772
1769386 1577196 1610
4734293 4687186 1048
4257771 4133687 1047
4097650 4092275 800
1001236 959321 891
2939360 2233372 1648
4822483 4652439 1737
5116435 5089865 1517
5280391 98153 901
4110282 4030832 1057
2435320 2379862 1707
2052141 1002125 1562
3413143 3375416 1728
2256274 2098562 948
1887366 1730518 1758
3141859 2941397 1049
1768371 1697385 1020
3786558 689283 1088
2102985 1952280 1732
2303150 2236880 1153
1738148 1662769 1345
3866223 3005619 1340
3808292 3663184 1403
5160281 5148733 1732
4802010 3984324 1657
2464702 1508806 1491
1764381 1659922 914
5269009 5126954 1439
2078001 2001891 1609
2112016 2102871 1130
1654709 1598558 1059
2539883 2492185 914
892911 791511 1114
3174636 828648 1651
4813699 4493956 1476
3278276 3252052 1599
4126191 3965196 1253
3194936 3038977 837
2783778 2767371 1439
2439859 2261963 1150
3544224 3386472 1313
3826333 1604878 1096
470100 334441 1429
2068430 1994219 1022
2554565 2459007 1158
3041007 2576948 821
2033644 1923796 1802
2240842 2090620 1600
4685004 4674818 1212
2823874 2763231 1090
2040001 1972046 1353
870391 727284 1657
2342996 2258400 1524
1707988 1601955 1601
617946 435372 1801
2958504 2812938 1293
1102115 1044222 1725
2768608 2679361 1161
4127245 1456346 1027
3079583 2986354 1298
4372383 4109872 1231
408285 262366 1251
1003267 853814 886
2137318 1938525 1160
1375361 1193496 1571
2725155 2367891 982
4048035 3866956 1386
4158226 4089775 1023
2127163 2059110 1535
4584341 4395804 866
2885563 2684306 1111
1420722 1320288 1215
2324374 2168078 965
4601560 4580911 1438
966524 610607 1029
2941436 2777703 858
1807385 1605484 1492
4084191 3728982 1229
4203879 4126592 1277
2154658 1957397 1813
1956197 1749345 1333
2143292 2109872 1149
4322125 4315400 894
3220441 2053243 1577
2282166 2171366 1662
5010818 4974478 1205
3895329 3894246 1208
761720 611796 1559
1585236 1549505 1649
3205315 3142330 1696
1914621 460921 1580
127193 1 1685
4334106 2752308 1621
2596937 2440335 1811
5185338 4000576 1352
72762 21587 1150
4504914 4387567 1283
146489 1 1344
3248959 1487814 1255
2640996 2486965 959
2337550 2221203 1625
2978301 2772002 1798
3242322 3132950 1118
1763990 1752889 1258
2941787 743288 1681
2372226 2191345 1741
586929 486731 1342
5167730 5163596 1013
1668172 1666884 978
1256557 1100692 1174
4334333 4246735 896
2621038 2413675 1578
3990747 2779987 1445
2143083 634231 1208
4159549 4137791 956
2345239 2297136 1513
1986697 943008 1224
3698522 2218625 1043
5081930 4932624 1568
4352880 4202712 952
702725 702189 1085
2753714 2752966 1807
1733837 1674425 1405
2129255 2002849 897
4042958 3911390 1243
4614239 4610149 892
388800 276555 1700
2986309 2864370 1731
833151 253558 1371
1914896 1846520 1211
2847507 2831722 1028
5301145 5282275 1295
693618 671215 947
391070 218929 939
3657320 3601349 1349
1682446 1632896 1755
508352 343939 1469
3647357 3457883 1180
5081497 4850956 1256
849339 704064 1089
4151180 3991108 1793
1989805 1952921 1254
4340955 4268851 1372
1061158 884962 1840
3682288 1153351 973
4837498 4745144 1514
2709381 2653278 1192
2411752 2393713 1000
3438073 2413841 1635
4312895 4161601 1591
3817181 3811625 1247
3590260 3538949 1361
1194906 1032141 1801
4219664 2786328 917
4807537 4604306 1271
494492 359095 1412
3171133 309407 1234
2429219 2366538 1492
3695438 3650377 1231
1429541 1296658 1136
2253781 2242489 1147
4725479 2239444 1118
4857932 4302879 1537
3449096 3243917 1742
4495996 4323749 966
3364438 2134714 1527
5254898 5146184 1749
122214 1 1061
3083541 1622325 1633
4395984 4243860 946
539805 418133 1537
296757 196135 1029
5159903 4849934 1478
1395826 1311682 1127
4818621 4007102 1246
3257970 3086551 1198
735785 598548 1861
843652 829998 1077
2051410 849467 1261
1632766 1471751 1160
1846484 48902 1549
1998591 1840424 1796
2906940 1077739 1421
1181416 1052071 1620
4218888 4012708 1397
2682287 689401 1092
2478910 523834 1487
214250 202215 1352
4458957 4340121 1480
2583672 2380244 1678
435989 395583 1490
1250945 1163625 1023
4703066 4630759 1667
3755661 3661417 1144
5216496 5093176 1206
2207261 2005957 1078
2778587 2737283 1527
1723916 1563093 1044
235388 213222 1219
615226 506667 1134
5020403 4905444 1414
554370 417878 1105
4141941 3547276 1730
270623 260796 1257
597838 555717 1325
664494 507520 1144
2331364 2255598 1698
5147737 5056154 1364
2419102 2243198 1941
1263647 1123708 1896
3342742 3174975 1339
5097928 1047927 1072
5271404 5133807 1031
254776 161225 1200
2815009 2662941 1517
2942067 1270703 1261
5050397 4923950 1705
188602 125479 1043
530906 378891 1232
4885996 4814456 1852
3875459 3808509 1158
189485 143739 1694
3262999 3228130 1710
5158077 5106356 1220
4843343 4819007 1707
195320 1501 1987
5145844 5113601 1979
4250430 4136298 1838
3666399 1076346 1330
2802901 2797015 1377
4954503 3537514 1690
2833677 774374 1329
3871184 3772718 1114
3885153 3811256 1368
1120338 1089368 1603
2686885 2564310 1892
3150301 2995578 1122
1842831 1793667 1145
3519277 3425376 1437
4151637 4004488 1937
140964 93156 1461
3551426 3429221 1106
1793570 1621497 1792
4084890 4058938 1200
2812266 2548448 1385
3379488 3347925 1749
170960 1 1596
4808479 811128 1583
319002 282092 1549
3280400 3081425 1193
218938 55833 1450
3510861 3376847 1144
2610519 2435529 1172
3306129 3174279 1607
1936441 1781256 1312
2250373 2220973 1266
3138416 3132574 1923
1410623 1306109 1838
1275544 1091413 1744
162953 54519 1909
2271318 2243675 1452
2537657 2428761 1182
4049673 3879028 1242
3505441 1844531 1890
34153 19761 1798
5103752 4896187 1158
3401470 3386772 1453
2755734 2711560 1592
1818424 1683591 1337
801563 732089 1369
3494252 3444018 1888
7401 1 1150
4211861 4170003 1773
2851644 2746272 1061
3912919 3889564 1389
673439 653868 1199
1704170 1640734 1907
4168062 3659416 1385
856046 819177 1427
3442987 3270405 1600
1852876 1711308 1649
2509264 2374166 1840
3524490 3332969 1275
4181087 3048189 1827
1160706 1158602 1106
2583491 2385848 1895
3129179 3103138 1363
587304 532056 1167
1537002 1413291 1851
2513457 2417595 1528
4773233 2147127 1102
1112462 1029697 1125
5167906 336643 1838
2150830 1668529 1114
130151 5825 1585
3820393 3813440 1115
809942 768325 1178
839735 821542 1061
810847 807186 1237
1667049 1636283 1547
4727216 4565889 1391
3356413 3311949 1529
4963843 4802163 1883
4608736 4578942 1316
721370 534882 1533
386947 379103 1472
1868351 1668873 1906
580993 527874 1263
3235293 3065115 2021
1730458 1545535 1478
2225909 2033373 1379
4595775 4466679 1611
301901 171260 2006
4515287 3826696 1287
1031910 1027165 1828
1315257 1272349 1559
1507505 1415809 1264
3804519 3598497 1680
3372478 3234258 1287
632676 540512 1406
1360047 1331110 1787
957768 930577 2003
904109 809462 1587
3728528 3722048 1788
4523724 4373197 1200
2865062 2796557 1942
5187950 5004904 1664
473637 347439 1429
1408743 1304930 1622
2921274 2760870 1859
2199547 2134030 1134
1467846 1291524 1630
1669415 1478766 1405
1609405 1554695 1514
3203776 3098235 1366
4672988 4537997 1434
2256504 2084586 1165
3457966 3372202 1530
1442820 1293258 1520
5128499 5012694 1454
3309132 3289093 1616
4786687 4661303 1203
4051046 823787 2105
467175 387802 2092
2207870 718288 1811
608889 527528 1421
3908834 3165633 1589
2148467 2123817 1283
4873561 4831421 1479
2872712 2790860 1384
4052819 3845758 2082
4433508 4368497 1867
3797427 3663575 1923
1767667 1580256 1862
2287954 2189330 1440
3980181 3895413 1372
5297352 5238878 1658
1342692 1321494 1619
3696660 3692403 1311
3808433 3783194 1598
3812040 3673281 1538
1239413 1052525 2026
1161779 1095728 1743
3380771 3340782 1746
11191 1 1571
1409030 1326067 1746
4657543 4565269 1169
729495 669041 2048
4753524 4623371 1614
1955744 1763745 1589
3826200 3819398 1188
4834768 965199 2006
3939940 3809827 1169
3195024 3162547 1696
2961029 2839230 1961
1334910 1230922 1645
4265887 4162412 2127
1100564 1036394 2020
4224523 1685146 1855
3474124 495543 1599
1908755 1759474 1580
1802320 1799500 1953
183790 162702 2061
2541380 2383443 1264
4752641 1762640 1380
2429866 2280803 1640
4861030 2594291 1197
3057300 988688 1355
4183891 4151375 1581
3399436 1326382 1967
2165306 2132247 1950
1399268 1347206 1633
3098954 2956833 2062
3886391 3681861 1865
470635 294139 2009
2484945 2280549 1838
216345 175883 1241
3945163 18564 1348
766633 739741 1597
4606431 4486218 1925
3389857 3351659 1654
3148147 2955812 1304
427216 335530 1321
1714054 1375550 1997
1031210 1017346 1748
2738420 2588994 2132
970107 528740 1424
3926854 3375019 1503
1555073 1365285 1723
3477023 3321096 1907
1716707 1712914 1871
371351 356044 1218
5200103 5052271 1339
1783221 1681098 2162
5242312 5061198 1688
772012 678083 1662
194718 172727 1636
3342633 3148035 1347
4526834 4329190 1226
2248061 2068842 1219
3197594 2307942 1391
378485 187678 1533
3432516 3336505 1814
2830564 2634690 1778
2140879 1959320 1194
5215258 5045487 1263
1348759 1196151 1586
892923 885479 1506
4992436 4827056 2072
5154067 5028633 1740
2567611 2460675 1944
1634531 128419 1954
81451 1 1878
2179830 2130159 1810
2347968 2299218 1519
2340916 2247628 1429
365898 281083 1885
870822 516768 2169
3861233 3846928 1383
4146502 4080131 1977
715522 591003 1375
3674529 3562143 1569
4412091 4297040 1528
4733852 963698 2030
4573110 3472768 1352
4103593 3956350 1603
2975906 1939263 2043
1106887 1003592 2075
1951831 1802963 1756
442232 395229 1982
2540778 2412950 1647
2709575 2580749 1971
2010658 1998834 1553
4206313 1304106 1793
1851339 1720447 1389
995956 908138 2155
1368852 159496 1998
2647189 1348688 2110
5084332 1543895 2131
487885 475976 1981
3471668 3416414 2022
1632545 1565905 1925
1469201 1446577 2170
4433575 4417998 1969
709560 457243 1294
1856653 1744661 1629
172804 115932 2204
2586082 2399967 2133
3199413 3160960 1592
3407946 3341640 1461
2251524 2085458 2030
3216498 3083500 2067
3695951 1950421 1619
2124120 1980115 2064
2201719 2014952 1537
3344509 3313759 1401
2042030 1766576 1511
4601399 4577584 1995
1411277 1320280 1359
208343 13724 2034
1367169 1305172 2220
1094830 1080981 1680
92738 41444 1404
1202481 1038238 2203
3461708 3335608 2147
4642894 4560957 1870
194864 133490 2035
919555 889358 1709
1939982 1769965 1667
1304599 1129421 2005
1437324 1310335 1533
1831938 1723242 1577
3680743 3550682 1964
53457 1 1389
3980428 3963247 1862
2829071 2667002 1446
2695361 2625008 1558
2642419 2469329 2248
1202356 1123406 1321
3770499 3768972 1820
1633785 1593043 2114
1692983 1509404 2130
3474378 3448607 1661
3151093 3082231 1372
1080708 51635 1519
840047 762703 2223
2353456 867026 2139
1260203 1140484 1797
3389813 3205492 1293
4630352 4440495 2164
1869371 50600 1290
3133259 3075139 1783
4256450 4212621 1684
379549 346633 1851
3790042 3747882 2154
3444194 3332167 1922
2629868 2534959 1637
4428552 4269448 1474
3421671 3394560 2051
4582847 4551253 1575
5207983 5155501 1319
4555582 4218488 1483
3851892 3832413 1445
795813 703025 1293
797087 724711 1626
1573914 1480582 1958
5311481 307397 1497
4913258 2482202 1508
1117975 806051 2206
4935398 4882330 2201
1372889 1223011 1758
940522 709374 2148
1451964 1358158 1804
1476115 1418068 1599
3400524 3393584 1756
4381324 4309823 1781
4037429 3880450 1499
1044953 992898 2181
110260 1 2172
5022725 4984511 1352
25184 1 2051
787252 613371 1884
3989617 3908919 2204
2016430 1877534 1444
2028399 1872833 2268
343408 138778 1629
4184271 1387475 2031
810672 803601 1554
1529387 1387759 2103
3366552 3319644 1383
3764857 3734630 2266
2570178 2410510 2105
2483276 2339917 1435
839037 707923 2018
2153544 2028008 1582
3954066 3818652 1673
1428025 103823 1536
1404106 1219849 1406
2850772 2839278 1732
5039186 4981727 1345
2650264 533595 2246
935921 796786 1844
1907045 1738836 1404
3012763 2868771 1716
3942130 3917926 1910
4804364 4766669 1580
3285374 3245668 1492
3635064 3621904 2007
4668142 339698 1735
3994252 3952166 1404
2674461 2592354 2165
1414955 1307042 2188
3776315 3750878 1745
4174201 435264 2101
698419 565117 2224
2608042 2513639 1442
1126505 827941 1628
2209050 2133826 1959
4048515 120909 1500
5228390 2092209 2042
1382911 1237479 2010
4197221 3287018 2187
1589923 1587881 1985
2214950 2155996 1778
307653 174785 2079
3533583 3466001 1681
2884072 2755150 1775
2682655 2547526 1484
1411521 1076772 2230
1492751 1475556 1912
2381251 2273909 1400
5253874 5169399 2312
3130189 2983661 1446
2537695 2417372 2079
4060237 3891404 1448
3614200 3450811 1700
4942246 2319717 1728
2262076 2104659 1904
3592733 3394547 2003
2102188 1938815 1649
3403884 3358487 1419
239523 157572 2259
728709 521182 1543
1571760 1422842 1728
5227554 5156358 1903
121933 2735 1470
2273502 1764081 2115
844357 682952 1720
2871714 2848152 2188
1879973 1783716 2138
2328899 2223855 2105
1897012 1772640 2097
2719778 578704 2315
1999677 1843151 1897
4295806 2168887 2041
3980966 2156824 1963
4464067 4440934 1787
3949642 3813759 2071
1979740 1941521 1969
3457838 2120627 1616
3487896 3066639 2253
3854099 552826 1720
5223864 5074915 1746
1460818 1392722 1597
4572002 4398148 1406
4819842 4657248 2137
3735961 2511282 1957
133242 55535 1523
421341 340456 1683
4918586 4714042 2285
1776542 1643167 1409
1038108 1034082 1707
1532833 1492440 1848
2466082 2434727 2225
782029 770053 1783
2155479 2024895 2147
315166 171395 1830
1184695 1031823 2183
189123 174425 1422
4784849 4644696 2110
3167523 3148811 2301
5171896 4456523 2237
2557355 2369620 1614
2775781 1238930 1497
2895629 2289615 2318
4172858 4108634 1933
1675244 1483217 2375
3804490 3634591 2358
1009324 847183 2335
1066105 942756 1774
1389265 1292613 1530
1522571 1455633 1667
2141271 1969774 2314
3600041 3443447 1433
2656267 2635504 1590
169042 158595 2146
2846432 2016416 2015
3718625 3691653 1796
2948469 2808426 2219
3704756 3613810 2075
2966429 2897810 2309
4974223 4890134 1609
3619757 3498494 2369
906628 816378 1724
1003706 810120 2268
499436 245134 1832
4089833 4038062 2240
2903840 1013960 1639
1691697 1590399 2068
4155891 4071337 1647
888774 773625 1858
3561721 3397879 2035
3236576 3122348 2214
4978454 2918617 2031
4438847 4061678 1627
3669891 3544104 1776
1713732 1551308 1495
1268342 1208684 2298
1061638 893563 1590
3699774 3606022 1807
1837133 1741009 1667
3701284 952668 1805
2400825 2243735 2171
4870793 4769208 1583
4606743 4476741 1825
2051522 1941809 2401
526945 443258 1657
3425565 3407150 2256
3834733 3000336 1752
2039904 1835662 1823
2128797 1948382 1792
1144390 1003504 2066
3227392 3055833 1847
2827255 2761669 1765
5058639 4861894 1648
4480839 4335808 2413
2280308 2260675 1800
848611 685406 2327
1236469 1161449 2105
1238022 1063209 1499
4469037 1234762 1850
3323036 3295448 2463
341485 271689 2364
4410069 4311813 2152
4268750 4066545 1526
180237 101147 1522
4668480 1689467 1856
613909 409468 2000
1848875 1648654 1682
4355464 496161 1534
3677632 3600807 1630
4065085 3953213 1777
2785455 1824490 2207
1746222 1547813 2283
917917 727837 2245
3393546 3264230 1786
808121 658196 1687
1124490 996862 1818
751848 561261 2356
1055897 929007 1709
4925314 2877971 1680
4742255 4539656 1761
2532358 2365275 2373
2795403 2604979 2098
2426876 2236922 1489
5085012 4966622 2123
2689989 2503610 2255
1619019 1415757 1664
2123277 2113960 2156
1000318 799674 2308
4841718 4789449 1731
3699816 3594531 2263
4583447 126374 1600
733148 540716 2288
528738 505178 1775
3266157 3190755 2159
3024683 2876255 2414
4221400 2815325 1773
5194968 5046314 1598
842930 649590 1823
3830399 3656250 1644
4908480 4571779 1587
107575 18065 2149
1661065 1547909 2170
5208003 4682906 2076
2468785 2321331 1866
2723493 2012365 1997
2873785 1360544 1574
4025725 3910782 2021
1348287 1181510 1626
4651921 4451128 2055
4888209 4765002 2268
503992 440776 2280
3201634 3041127 2380
821486 790118 2386
986 1 2289
1061450 1012783 1699
2299072 2268046 2447
2395064 2263548 2439
4149339 4057836 2185
1722490 1636180 1880
692288 552485 1955
4763854 4602644 2364
906337 861153 2474
4808022 4780391 2382
2928021 2912733 1888
1188269 1085090 2515
1418164 1391564 1668
694252 570124 1534
2367143 2182509 1567
1195736 1002447 1867
4820760 2358099 1959
4287870 1897884 2214
3325661 737132 1935
3036780 2932097 1803
2963969 2861042 2339
382432 288774 2464
222020 176817 2209
4479890 4449315 2206
1524290 1443128 2250
4942204 4922742 2539
4704395 4611449 2483
1987140 1903480 1642
1836452 1656666 1769
3223312 3139084 2440
4784208 4768462 1799
4362350 4076871 1896
4654843 2610450 2121
1047065 874119 2381
1802838 1718083 1804
836198 51640 2085
3414987 3296474 2043
1508983 1496157 1972
1840471 1687369 1746
2225522 2211914 1781
3926919 2895691 2134
4814958 4619137 2388
1283609 1088337 2274
500091 319195 1758
23200 1 2090
3060409 2999783 2542
465953 457125 1666
4564492 3525870 1728
3988890 1709253 2063
3750630 3639772 1992
2347329 2163960 1644
1466383 74848 2251
4701669 4657859 2174
4697222 4079809 1837
3955310 3807512 1911
2882210 2764822 1639
3577568 3566853 2413
3229756 3090282 2129
1711629 1659381 1740
882510 767328 1829
2112816 1912367 2454
4426465 4372520 2104
4601867 4427678 2153
2123315 1940834 2204
2748249 2567166 2481
4430741 4262640 1888
4851718 4816387 1616
4522416 4453660 2085
704143 619600 2484
4255849 1861430 1856
413898 315220 2512
5318962 5113952 2215
4961893 3171977 1841
1299357 1122302 2083
1517331 1335826 1690
3455549 3450731 1696
1161052 1118192 1615
1499110 1330731 2270
433780 406760 2549
1292509 48016 2181
4790808 4600331 2199
3441320 3291439 2034
3261666 3129705 1601
3521390 3446477 1610
1259981 1120178 1919
4307483 4136016 2217
2637021 716150 2206
3746175 3710181 2417
1201182 998380 2417
1661471 1561808 1624
4394765 4257305 2357
1801836 1783492 1737
2477939 2367881 2092
4577255 230796 2584
3877254 3785841 1620
1568851 1543539 2089
4722767 481316 1792
1037984 884050 1697
2030063 1936850 1829
4136370 3999267 2380
1799758 1612625 2575
4414438 4313896 2596
2954360 2792490 1855
3110842 220243 1855
3650687 3646074 2485
835781 823098 1776
389824 251065 2259
737295 704334 1628
669680 641228 1652
2584915 2492992 2310
3526035 3330384 2407
2547421 2462410 2594
3261081 2084763 1670
715583 600236 2597
388952 362442 2054
5105295 5044765 2538
731144 643558 1929
4930632 4902361 1893
2841712 33921 1749
2942511 2880125 1674
904155 901183 2509
1459994 1257662 2326
3965922 1820649 2453
648615 645009 2500
4880539 3966511 2226
4931092 4025090 1824
4657388 4620436 2087
3823300 3742555 1783
3406496 93036 2120
2762504 2006120 1876
4407203 4256709 2329
802401 644678 2339
3364170 3312013 2560
4692307 4497120 1960
805047 655186 1830
2901794 2701833 2536
2766392 2760076 1776
4679639 4668173 2415
3684040 3477353 2635
372034 181846 2087
4364804 4230681 1747
2155785 2068386 2614
359833 154894 2538
4991566 4978428 2567
5084360 4943436 2486
1454675 1268539 1735
2645800 2496334 2122
1362758 1350120 2513
3546196 3494265 2162
4020614 3998016 2409
2088862 1895372 1675
2485471 2423122 2531
3909133 3903554 1809
3154665 2674272 2300
261134 253982 1686
4756245 1714726 1886
3739199 3690424 1912
2183081 2092969 1768
2054159 2008460 1745
262616 243466 2364
3790782 3629963 2232
980254 814568 2669
4183472 3384086 1719
1160602 1137891 1850
1300874 903030 1793
992953 922363 2492
5100827 4983907 1980
1386923 1274401 2201
3531654 3377785 2372
3349747 3206987 2244
3502009 1771747 2300
2064727 1930776 2619
2896307 1146432 2432
1532666 715726 1950
3554956 1585646 2476
4495670 4422575 2620
2460973 2266835 2646
803250 151694 2169
3626421 3546590 2231
4979092 4901745 2191
1081092 1077709 2205
1282391 1190164 2477
5304282 5270250 2570
3630467 3559692 1757
898767 763281 2684
4068356 1005776 2202
1241571 1204590 1942
3950235 3805030 2194
1827011 1153974 2405
2842247 2838884 2016
4127038 4000801 1948
2054436 1977142 1889
1844656 1716412 1728
1408653 1316371 2432
1757136 1634637 2531
1048937 865312 2625
2151662 34470 1931
4484009 4279390 1905
1865737 573050 1963
3557571 3477041 2683
430592 261521 2104
4179502 1222984 1795
4867841 1165405 2548
3236554 812994 2454
4258127 346240 1830
1905435 1743920 1918
2936911 2810751 2287
2380682 2315548 1778
1141106 1090397 2286
1501634 1311805 2491
1543597 1443543 2443
395122 366048 1871
4503467 4462284 1958
4082132 4057641 2041
4622765 4518140 2681
1489387 1307753 1949
2876853 784154 2080
4004336 3997756 1920
2909032 2816653 2703
244837 224643 2077
4894159 4755422 2706
2844852 2778763 2281
8228 1 2654
5036720 4889450 2310
308442 213175 2551
742805 736478 2298
3702758 3556527 1776
2547192 2496834 1784
2677173 666240 2628
397910 312291 2085
2201880 2040834 1778
1614071 1611533 2284
2183213 2024407 1971
3137937 3007777 2257
4443875 4387396 2038
4384085 4213314 2728
3660455 3087772 2075
5255577 5186740 2231
5113026 4880770 2626
5122858 5033178 2095
3106244 2976815 2525
4046396 3943044 1997
1421442 1319211 2296
1055004 891816 1798
497899 290030 1887
3697489 3556422 2645
606419 550158 2663
3428400 3259535 1942
2043722 2025824 2419
4944087 3238569 1934
342637 134400 2088
4709384 4526997 1960
4349366 4292493 1937
3446309 3269467 2449
2284743 2121836 2737
1377032 1354163 2452
4239019 4213043 2071
270888 165526 2500
637451 432091 1988
1526093 1451625 2520
2516836 2423706 2543
2113276 2020122 1921
3563199 3385180 1968
1273839 1250370 2301
3208103 3089362 2287
656089 560813 1807
4244359 4076753 2014
1476350 1415416 2564
2358702 1135511 2634
2232974 2155343 2775
1360953 1329171 2740
3339314 2346523 2292
3566578 3406836 2132
5067108 2751326 2647
681130 631869 1853
2070627 2011938 2093
4825098 4639084 2649
625035 610538 2289
5050650 5048365 2638
757924 598718 2503
4875632 4827110 2055
3549947 1491108 2309
941322 905772 2697
4192289 4144155 2556
1382510 1210900 2054
550114 355163 2177
1573698 1483177 2100
1418632 1223755 2392
353733 262129 2174
1182780 1096715 2350
5213763 306976 2177
3768596 3581320 1951
5169816 4382547 2384
4081457 3962138 1893
401045 275901 2479
4518360 466608 2215
233133 77370 2051
4100123 471438 2637
4765868 4761464 2367
1748449 1669373 1903
1509978 1306052 2583
3939727 3756165 2207
3607168 3603594 1927
4330682 4208836 2193
4470824 4300741 1828
5060339 4938547 2794
4346776 4259522 2538
4730168 2806509 2413
3476338 3433061 2379
1439328 1342989 2397
3979497 3839258 2261
3853988 3176869 2521
570322 399874 2466
318485 188181 2290
5136122 5103787 2065
4443740 3176058 2694
1809310 1734444 1876
665292 542753 2065
5175725 2280152 2686
1823857 1789897 2541
5204903 2769022 2094
206350 53915 2312
2631360 2479839 1877
683422 676414 2501
5054696 5031004 2041
2964790 2934891 1889
5204128 3315888 2734
2030284 1937157 2799
5086475 4990046 2807
3230015 3100131 2043
1911896 1887005 2215
410571 352358 2114
3128533 2989123 2100
1686256 1570180 2183
1709946 1579808 1898
3307155 1529532 2166
1755245 1559900 2203
688426 491784 2627
4585940 4406830 2062
344051 150726 1947
3026178 2826540 2661
2835473 2752202 2802
3274215 1873249 2011
4818620 4628138 2306
3166947 3125818 2486
2517568 2464870 2465
5029067 1254217 1969
1399998 1249545 2610
3050942 759473 1897
519713 459679 2113
2981867 2800810 2385
3848117 146915 2499
3992192 2995136 1909
2300178 2136379 2347
4090644 4085878 1978
4065976 3905189 2293
3426888 3237009 2347
679224 650331 2509
3368719 3190399 2676
318637 243340 2648
3824936 3816535 2378
851622 679575 2506
2983077 2888227 2216
4697813 4566270 1966
2424561 2244630 2842
2047122 2007176 2823
2904385 2519406 2844
2217447 2100470 2331
1170028 1140710 2323
3845078 1794566 2558
1829661 1749078 2490
47142 27098 2338
169722 105921 2510
651431 647704 2390
4817986 2619855 2130
4148392 3983530 1915
1764945 1692047 2538
38240 1 2790
1116727 1080757 2354
1602856 1523487 2381
284830 213064 1990
577182 495628 1921
2194454 2171048 2796
4120981 4087676 2856
4016234 4007086 2853
4950973 4756698 2517
1628110 1627903 2311
4598910 3871194 2804
3059484 2883097 2725
3106013 2915594 2697
2195449 2192425 2371
5166369 5013208 2769
1472631 1403264 2718
2715130 1046756 2448
3882907 3815756 2848
6447 1 2232
1314009 1142585 2520
958587 896529 2551
3885588 3777453 2351
2316971 2224556 2344
234649 214661 2787
5180176 4029266 2719
3411338 3272867 2303
534543 440962 1954
657154 601409 2047
1560063 1387137 1930
19533 1 2921
3792020 3751201 2357
3697715 3566176 2797
148363 1 2677
5227277 4784413 2162
955811 764999 2184
4645841 580271 2237
2060344 2046686 2377
3375593 3231839 2686
2412949 2221592 2101
487220 349536 2469
3303392 3200202 2711
333402 134354 2644
3406565 3228532 2099
4350751 4280500 2407
862274 664035 2053
2115356 2106686 2065
3389129 3345880 2819
802648 598459 2185
229261 74721 2510
5107955 1677280 2121
3418258 2832860 2091
358985 151127 2198
4962444 4777908 2311
5215662 5042323 2554
4795603 4595920 2326
4699294 4503503 2363
498916 372485 2578
4508394 4465401 2387
2963366 2762100 2505
1183577 1018898 2393
607724 193076 1966
4606799 573036 2271
4311613 4112505 2877
4109913 648278 2633
3344511 3176225 2203
3483057 3334718 2764
2297489 2292784 2443
2851321 1575436 2634
2423141 2362796 2961
3220387 3027291 2833
1464345 1372638 2698
640246 617653 2525
4658068 4563525 2409
2946847 2824446 2288
2634262 2633007 2659
2510883 2376335 2528
1183103 1161394 2810
5142691 4951768 2824
769869 638288 2564
3037633 1292377 2021
4496115 2192100 2364
4112168 3935458 2802
1022819 982571 2791
2267045 2190480 2123
4643041 4545441 2759
2699801 2590040 2220
4863535 4657270 2291
5115545 4934136 2650
1727771 1675129 2924
1717632 1686717 2577
2609336 2576014 2359
3004405 2949891 2507
567506 395264 2498
4505522 4343359 2070
2303969 2287116 2366
488250 304840 2045
1761477 1601912 2601
1634254 1601367 2044
4475711 1054691 2334
1508597 1411795 2840
1370537 1217601 2793
2885946 2679624 2236
2465045 1808737 2016
509879 498016 2852
4984030 4943453 2731
4613099 4496038 2421
2581969 2420216 2849
312971 143443 2441
4532305 4529947 2103
1135729 1071292 2183
3850381 3676468 2605
3289475 3209382 2704
780895 675319 2827
567740 495892 2547
3163394 3144544 2394
1424004 1390317 2128
2014630 1976613 2495
3704172 2245591 2703
5261092 5191303 2303
2771578 2727075 2362
4803007 169878 2510
1679144 1678353 2405
2147242 2105936 2983
1231525 1061177 2741
1968747 1831068 2126
1036649 182827 2917
4343649 4189701 2479
3836525 692737 2809
1149449 1100455 2239
1662350 1645229 2717
449649 272895 2169
1147008 1041144 2741
884019 831565 2241
3627681 3591379 2030
1416850 873635 2764
1220462 1184839 2932
86474 1 2925
2060032 1912914 2465
75860 12898 2368
4266039 1760491 2572
2384138 1486427 2587
3473092 1746679 2917
4006622 3867019 2063
3637961 2436932 2180
1703378 1673710 2680
2566913 2518791 2955
1942009 1917005 2092
602956 396994 2390
3619003 3578324 2464
3406198 151770 2082
1132928 995876 2541
4968028 4770622 2562
1035042 947291 2705
4856737 1966674 2474
1314816 1263038 2918
3231105 2425743 2574
714944 600957 2506
1468044 1363813 2291
1773841 1720790 2569
309846 185097 2460
2763836 188166 2293
4063919 3934443 2437
1255868 1164951 3005
3649736 3546542 2940
2977836 2870950 2250
1414623 1339106 2625
4037174 3995816 2545
4092939 4034977 2828
1924641 708535 2464
972294 829592 2542
833349 747712 2296
4195595 4157320 2805
1182091 1155068 2671
1188679 64696 2204
1735162 252743 2127
4481359 4461348 2760
3167062 2021400 2455
5287109 1363478 2740
3207151 2427644 2528
267704 82397 2100
4600817 4421113 2264
3754597 3644181 2180
4339984 4169717 2962
2322009 1394516 2730
1591512 443836 2754
3319669 1249414 2190
2819615 2687220 2646
4873873 3906533 2607
4073962 3944362 2582
1768738 1765063 2602
4970574 4798395 2650
977547 876713 2832
2508135 2377457 2364
908221 705252 2326
2104557 2022816 2384
4953043 4816441 2145
2829413 2765074 2706
3514639 2176565 2444
1701974 1562660 2590
4965272 4923495 3019
324041 184186 2185
2670830 2635695 2363
2308384 1821063 2631
1422586 1233200 2855
2940417 2903165 2491
1648658 1546505 2235
4303866 4277081 2920
3339148 1597974 2675
1140977 976726 2396
5983 1 3020
3588389 1088100 2891
1673660 1497940 2666
1687942 614189 2896
685632 548613 2239
971836 878728 2919
583708 476503 2753
3101988 2169414 2133
3642502 3609593 2635
2663436 2547259 3109
2854932 2727693 2250
1904075 1860230 2186
2369769 2336943 2161
749494 600085 2787
1677589 1650040 2579
2429367 2238525 2986
2604049 2483681 2518
416896 297126 2962
1058731 999776 3070
1595859 1388595 2266
5072382 442760 3086
1744650 260550 2268
565334 504147 2627
4135752 4121651 2620
4609587 4574714 2296
4238694 4080676 2742
3149342 3056183 2144
2077697 1902576 2223
1548132 1143331 2665
2329850 2167803 2977
576831 449318 2295
1375309 1242687 2451
3275851 3073587 2453
3582295 3508503 2783
1483160 1381097 2167
1356635 1326353 2960
5301403 4124859 2738
2823889 2804970 2780
2558981 2488756 2465
1502731 1317453 2911
243818 198940 2863
1244551 1186684 2907
2990004 289524 2403
1538684 1149613 2567
4461012 4345655 2735
179935 147383 3101
4555295 4433485 2647
3717405 3538710 2168
1253434 1140970 2712
1975835 1911501 2974
3729435 1516930 3012
565352 547804 2410
2056884 2032041 2729
3837399 3636886 2409
1995224 1817829 2610
1602067 1492733 2958
1108843 905726 2516
3221080 2310621 2749
58514 1 2793
608186 588556 2291
1285371 1245094 2904
2354906 2170236 2715
2834500 2762323 2563
1389535 1366488 2393
1055220 1015508 2694
577278 419724 2378
918847 906701 2604
4895077 4881583 3168
4417557 4254904 3044
5106333 5064665 3010
2568111 2520966 3168
3335535 3191055 2673
1150324 1079859 2653
5170286 4989447 2931
1149816 948621 2477
4200433 4115194 3075
308334 119286 2214
4517307 113507 2429
63941 1 2866
1549677 68390 2446
2639326 601058 2808
3476476 3074220 2961
3647807 3488305 2930
2543753 2388671 2434
1736011 1687552 2796
147783 1 2782
5125670 4768419 2786
913530 863292 2376
326376 122597 2449
1335330 1203993 2596
4737114 4539276 2868
480600 314275 2759
2148554 2136038 2375
315298 120216 3028
1455345 1397415 2311
2275230 2196479 2935
5237796 5072271 3167
4982131 4921512 3156
477295 406554 2811
2887614 2718548 2352
3817048 588687 2391
4481506 4350795 2335
3482493 3338831 3159
4536662 4358301 2323
2331049 2212798 2713
1223520 1021900 3122
4700535 4571139 2662
473671 288612 3135
849997 5146 3197
5137567 4933692 2246
162770 1 2718
3194044 3000999 2828
2697991 2567299 2697
63479 1 2460
2003723 1940916 3176
1785807 1762506 2530
13258 1 3174
1777904 852605 2276
2157003 2019973 2401
3194481 3081676 3066
1901612 1836321 2981
4331629 4252412 2708
998197 992018 2437
2983117 2893673 3163
832784 801301 2677
3511659 3491819 2981
2189552 1997894 2250
4594502 4402674 2557
329941 274811 2279
3546970 3417187 2896
2139987 1396083 2496
2667647 2591649 3168
162211 158629 2378
2204818 2020215 2283
348478 265716 2919
1009610 837052 2270
4217029 4103931 2702
5033894 4627318 2905
3434903 3427298 2369
2252104 2137358 2635
1328960 1172729 2395
3263359 3124644 3031
722513 595958 2322
4586772 4479469 2906
3410911 3318962 2321
4389389 4261454 2304
811434 608474 3053
4997144 4877697 2642
3495952 3415740 2521
70948 67783 3200
3366950 1667555 3001
3655113 1839029 2612
3255730 2115308 3002
2859859 2749503 2915
1396008 1330478 2511
3194858 2989107 2335
3088247 2936329 2756
1010655 324631 2406
1797757 1745397 2806
4250845 4127541 2555
5029423 4999217 3167
2120280 2104238 2363
2602026 2451610 2494
4666212 4616703 2328
4620681 4522210 2716
257754 195083 2281
5092544 5024099 3223
87776 1 2935
4294978 4237847 2274
2690984 2484918 3113
4686318 4574505 2674
120081 106127 2999
4518314 2341536 2874
84559 1 2961
3790186 3752916 2870
1696891 1490395 2401
648817 495925 2338
1653871 1573548 3146
1326354 1231739 2570
4214257 4165427 2658
2735675 2713882 2780
1601476 1446066 2613
164231 1 2873
5035748 4891936 2439
390526 189554 2343
4155117 768643 2697
2625652 2534423 2856
3162844 1597152 2931
1016970 836439 3267
904527 818040 3071
645463 553868 2865
3258513 3076577 2642
3908135 3828176 3008
1891938 1850865 2622
1535610 105417 3283
4819574 802962 2720
2392124 2218538 2415
3664426 3480723 3038
3738730 3557442 2895
2169431 2040583 2978
2237090 2115509 2319
1495423 1398557 3279
5084350 771437 2579
1378235 1291553 2347
969642 820476 2400
2241264 2209601 3114
3718839 2122180 2713
1792265 1078686 3078
292961 165796 2346
3090097 2982850 2933
3946750 3757421 2440
5252866 5191733 2467
4306986 4101609 3142
1481376 1300437 3290
5135860 5002674 3097
1722204 1533710 2737
4375335 4168625 2363
4153668 3948564 3177
5183700 4295997 2595
4142485 4126220 2608
5060517 4888453 2865
4448687 1658822 2576
1571296 1363379 2605
2840147 2639402 2720
4233944 235502 3224
4843429 4824912 2922
1746597 1712143 3218
5109215 4923825 2465
1601547 1441300 2834
4526862 4510192 2443
2828828 1702963 2710
3256375 3062882 2339
5311232 5209801 2779
1152172 1094813 2646
4432266 4251222 3149
1203988 1174380 2391
1817809 1727382 3110
1011124 990797 2491
3248798 2699637 3045
17553 1 2829
4292062 4223028 2523
734560 653610 2553
114114 8784 2550
4742540 4726857 3204
4146148 4006989 3137
1757668 916893 2408
2062127 1661613 3024
1839486 1832549 2859
475355 444510 2784
3384850 3261144 3064
446108 398827 2572
2004510 1839141 2540
1144624 937530 2672
1403108 1325130 2577
4214687 4155911 2568
3459554 1581303 2662
425432 220577 3170
898563 700506 3148
3666025 3514235 3023
2263008 2150910 2522
1953913 1834256 2748
4100474 3898861 3152
2859409 2692252 3150
769782 580867 3030
4991660 1012712 3256
4401559 3944969 2750
4646014 4612188 2862
1578824 1571319 2787
2999079 2909678 3357
1451020 1257916 3212
3668239 3538945 2985
2914544 2718811 3074
3263235 3093652 2524
402977 235581 3372
1656618 1538009 2556
2486545 2291614 3100
4169111 3322417 3188
4379069 1994129 2693
4387184 4343808 2960
466717 351669 3285
2134744 2133234 2604
4556220 4530996 2903
241048 90059 3309
3323479 1090836 3152
1987375 1875194 3111
5244712 5047654 3251
775964 758685 3292
2537910 1287127 3196
1333681 1328573 2802
2611585 2413664 3367
3988997 3816709 3340
1239530 1176600 2778
111561 1 3335
2881835 2746326 3286
1251651 1135224 3278
5020146 4837372 3120
1676645 1522608 2405
1893465 1785002 3189
2420698 2265635 3377
2966550 2800065 3367
1901862 1863678 2564
1014896 821554 2645
89053 17797 3244
1891964 1739715 2937
3715503 3550788 2829
3317996 3262382 3335
4510525 4422031 2881
1192437 1157357 2988
4937982 2017761 2830
3764161 3592000 2554
2597078 2513551 2912
4211225 4138063 3079
3641014 3493873 2713
2086362 1999013 2751
504783 351312 3351
4761729 4623017 3276
2700657 2543799 2661
5007401 3075275 3020
1565622 1375309 2664
571785 547650 2906
1278969 1187368 3243
599611 513842 2827
3212085 3035559 2770
4085798 4039330 2642
2649048 2456120 3018
2819659 2815965 2803
3062433 2872806 2862
2129808 213846 2962
1940745 1786964 3226
4697223 4552692 2675
3604805 3487508 2522
2095035 2009487 3076
3583037 2357493 2442
166556 1 3270
5163786 4987357 3248
3491603 2104791 3071
2311205 2267568 3213
63963 1 3098
4546565 396147 2470
2017327 1635615 3116
3082329 3017069 3073
2686037 2671410 3000
2573063 2414810 3415
3624588 3545764 2489
1787570 1708065 2477
4001981 3832573 2861
1733887 1461407 3409
705074 561119 2680
4507116 4300205 2852
2705425 2521303 2717
4763676 4736680 3284
4102973 2150801 3040
2308319 666663 3203
1404434 1260385 2934
3284005 3130294 2735
1418931 1223023 3250
150722 92512 3396
4410519 4270471 3111
393782 362489 3325
3861408 3797138 2748
3205138 3035872 3030
4156022 3947733 3275
4795137 4794032 3067
186924 113469 3105
4737707 4553677 3289
1646324 1464135 3383
4157641 4126180 3059
2825350 345322 3133
4931593 4842791 2678
4117800 4042682 2781
3811757 957626 2621
1028548 993521 2780
5209479 5086466 3452
2334573 2188635 3100
944710 819019 2535
1512668 1306520 2812
3842279 3722001 3363
226886 63392 3468
1316767 1251638 3427
37363 1 2908
4134623 3942152 2931
320269 125529 3110
4062637 3881877 3095
4540195 4455636 2607
357991 233893 3460
962315 945015 2536
141020 105858 3358
5034333 4573792 3490
5236365 5226865 2527
5108359 3502400 3045
4315032 1388313 2677
864827 738374 3006
4448714 3313362 2763
1558040 1522396 2698
1960725 1884704 3021
4477314 3104882 3341
1995442 1895696 3352
4433093 4335308 2753
3645174 2327963 3447
2731833 2556028 3068
2887090 2760323 2590
3689035 3594870 2577
2802672 2762127 3058
3910749 3478065 3404
1046638 729110 2798
3206341 3119135 2977
3560503 3402239 2518
2932342 2891746 3117
4949795 4654175 3215
3282557 3171600 3228
5101911 5025054 2716
2430793 2253230 3192
2805821 2656201 3321
3667653 3606598 2975
2928903 2860945 2987
2281723 2163915 3140
1937012 1803584 2836
1254742 1123973 3100
357692 183555 2939
1021578 951033 3074
3203944 3160291 3130
57835 1 2794
189686 151081 3220
473466 387926 2985
3818724 3801490 3311
3412302 2486268 2602
851753 683150 2687
4131175 3990301 2961
413121 308280 3054
1420497 812173 2746
288724 136950 3186
2817712 2652503 3009
1993414 1943786 2895
2342365 2143825 2892
3435260 3236569 2712
2039887 2024363 2932
4103497 4081230 3289
1237605 1195172 3230
2489705 2400717 2662
4480414 109843 3112
1046384 158317 3036
3125571 3085338 2795
4399739 4240044 3277
3821626 2688772 2668
918980 774153 2608
3299157 322359 2848
1067437 868213 3151
4693722 4519080 2763
3014413 2998853 3342
2019444 1923219 3455
5123896 4973072 3488
1274375 1167748 2890
4429486 4377911 2740
1087120 1026016 3303
571988 467058 3484
3118362 2938873 3107
1844505 1755896 3388
1127532 979263 2585
3515241 3403371 3129
1856064 1747917 3333
2763835 1918919 3213
3645101 3628511 3251
5190390 5080992 2990
602468 508355 2600
4199283 4092214 2712
541595 541584 2630
919711 880052 3197
2782128 321859 2844
4172795 4030908 3060
4487838 4369336 3036
3548035 3393406 2621
2093145 2060013 2633
4751824 4577343 2888
1639109 1477330 2594
4267130 4126929 3175
1631038 1576761 3456
553887 548046 2983
2020642 1952708 3561
492491 326015 2938
2327773 2168888 2608
4747301 4668044 2990
1403670 1350351 2851
529208 458288 2950
871845 840332 2826
1741093 1555258 3423
4924084 1784062 3460
672129 560073 2771
208236 137217 3013
5067849 5064459 2769
4981455 4829264 3183
1261608 1255359 2826
3434934 3320209 3113
4951082 2815985 2788
1789557 1627982 3156
3680907 3483355 3338
2595123 2532178 2742
121811 35390 3177
4135213 3937518 3202
3282731 1244733 2979
1216593 1200796 3148
2444410 1114940 2998
2023706 1953727 3529
2638988 1639260 2877
2345096 2259657 2980
1298550 1289780 3429
78584 1 3265
2884102 2863601 3369
1609216 1586513 3269
3724793 372801 3045
4064610 3929125 3235
2492244 2487640 2830
999597 802326 3087
3863551 3778010 3079
3705461 577463 3350
2962108 2888030 2748
1893774 1733352 3306
195644 183128 2658
1394236 1286136 3154
2471596 2298268 2859
3571264 513537 3375
4073106 4029079 3046
1822484 1089659 2927
4499652 4371921 3611
309275 250114 3477
2119517 1997784 3202
3088962 3021413 2941
2203765 2202073 3294
3214263 3205970 3076
1589173 1533827 3521
5126944 5107482 3261
4975671 4609757 3601
3950611 3934034 3556
965361 256118 3049
1904682 1835397 2710
952442 772326 3373
1898604 1842172 3574
1886962 1767492 3137
4358018 4205255 2656
5307534 5158954 3555
5109873 4919110 2937
4719212 410488 3316
2324698 2229968 3116
2871890 2816752 3425
3515051 3496992 3621
1618571 1411738 3143
1851219 1828300 3256
3072479 2883748 3058
210891 66543 3275
2566230 2498142 3100
3150124 3021591 2807
2632721 2556641 3459
3065719 2875905 3009
115686 1 3170
2719955 2515355 3006
5265864 621719 3430
4241724 279350 3025
1569772 1529433 3329
1994666 1978892 2670
3630359 1656748 3513
672669 537322 3330
4635933 4547973 3114
4111662 3747606 3176
2628099 2442807 2830
2327368 2297980 2781
232219 70090 3100
4660106 4646321 3644
600952 599540 2885
1283006 1203703 3592
3938239 3910543 3078
1129220 1043691 3000
2847846 2705181 2812
2651822 2586359 2941
1056623 1015760 2819
2583858 2440648 3037
3711216 3485728 3613
4953259 1919171 2867
3762548 3176350 3016
799521 733538 3044
2809039 2736706 2959
3123828 3002074 3275
3173133 3039709 2871
5270869 3539207 3363
893238 829702 3458
673086 596431 2699
430688 289828 3502
4434505 4319968 3133
4122351 2049852 2935
5156093 3635476 3293
4590026 4206943 3072
2038603 1931925 2823
2280969 2120075 2709
5280836 5147700 3377
5067286 5023694 2786
2972548 2859256 3412
3573415 802669 3500
2129817 1935933 3421
1434863 1416271 3166
808791 765661 2752
2676090 2546127 3124
1655414 1538460 3170
1772660 1244888 2963
1559826 1482371 2895
2936741 2729985 3085
1502928 1339031 3169
4565198 4468462 3321
19514 9143 3230
154877 43490 3336
1250482 1053576 2713
1671436 1617631 3408
3356227 3098969 2959
3394431 2196115 3684
5051170 1656978 3307
4854980 4747902 3626
5275949 2523468 2833
4488244 1265900 3282
2967926 2760644 3262
1052676 889407 3283
2771327 2679935 3429
3017831 2996924 2961
408023 397402 3289
973021 950761 3142
2892967 782687 3521
202614 1 2769
3062804 2895180 2830
4930251 4732017 3594
2271711 1529793 3638
2989042 2900926 3089
53062 1 3365
1994466 1975627 2953
2277211 2221337 2749
2453583 2366703 3572
5030077 4962143 2772
2789160 2638138 3448
2344941 2187968 3053
5115344 3004011 3264
2225297 1179894 3565
5168748 5047864 2944
2691138 2549825 2775
4031047 3914966 3252
4267662 4072495 3103
1919797 1822968 3097
3874386 3709237 2946
830454 711175 2891
3446859 3410552 3027
2723659 2693258 2788
2837562 2767991 3286
4891998 4803352 3050
1293424 1203532 3367
2379921 2279949 3047
4370518 4194003 3259
2416106 2331909 2810
439076 260244 3550
4130144 3942018 2837
494023 463621 2954
4663160 1879667 3060
625899 444042 3389
4688631 4623282 3260
3957865 2220210 3617
2097626 2064945 3664
2606128 1390151 3557
1681528 1496683 3764
441324 432868 3234
1849381 1773217 3292
1991345 1815873 3479
3584542 1279853 2956
3948366 3797724 3365
857916 343277 3769
722426 527498 3441
3991615 3907763 3343
1215847 1055127 2848
1429301 1373217 3016
853213 834928 3638
1137197 957558 3138
5159855 5116377 2838
1560598 1383754 3464
4061080 14163 3267
4145337 4011637 3535
761566 576508 2843
2502768 2345910 3474
1465304 1315571 3426
1107525 946098 3573
5135572 5114672 3570
5057502 4853123 3547
2637660 2243798 3082
4678510 4476240 3459
2868475 1880992 3243
4794810 2122154 2816
4511915 4345681 3242
1004765 907078 2908
3208435 3054470 2941
2880650 2807230 3701
471665 440677 3421
3203607 3068770 2966
1810152 1795929 3616
2184431 2051725 2996
4465692 1462646 3465
160602 159295 2897
2240833 2075483 3484
2784236 2721077 2955
4988252 4940198 3029
3839658 3682785 2885
584983 487957 3161
4145043 2255893 3516
558788 518235 3508
4347751 4173274 3611
2324526 2121150 2824
1521125 1520998 3006
2830098 2659797 3507
4199136 4118250 3466
4006538 1567965 3104
4686721 4510056 3209
4640671 4570104 2915
4568890 4401157 3625
937218 900339 3250
74222 1 3350
2115666 1943743 3422
2257549 2059665 3018
5259283 3646604 3100
3305119 3254530 3403
18817 1 3457
5013517 4853674 3013
2796513 2649865 2864
1241610 1236297 3090
125930 16451 2845
1738126 1580401 2913
2319960 1120184 3029
4615840 4460782 3515
2245859 2117444 3387
2827835 2013952 3581
4588508 4251503 3011
1445884 1377848 2836
4979353 4877520 2929
4450608 4251335 3036
4363247 4345356 3491
2134852 2102826 3175
1629939 1470602 3410
3719020 3648467 3635
2669029 2528908 3315
2032985 1939314 2995
2527002 2398721 2867
4899307 4784121 3004
179734 86076 3478
1203832 1066559 3089
2261019 1726244 3846
1797915 1682378 3806
3701932 3539701 3721
53278 40964 3295
952879 879833 3226
4992268 4802257 3225
3504408 3364377 3301
657893 495884 3711
5020001 28248 3511
3497770 3490199 3821
2361528 2249106 3443
2996226 2925828 3720
2791567 2733344 3717
3859644 3792494 3084
2467320 2363697 3418
5047106 4875450 3098
3456854 3276911 3725
4447107 4387542 3010
1575737 1537067 3179
2691348 2510309 3711
1093998 1060429 3565
3212875 3142497 3163
1584539 1547880 3140
3359899 3228606 2883
3706094 2547990 3424
5066724 4916408 2980
1436322 1365691 2911
4979357 4874124 3552
2856759 2814034 3771
2247649 2158184 3383
4184722 2338151 3691
179105 59846 3416
868138 719578 3520
95232 30226 3002
3948527 3764238 3639
1722542 1633139 3673
4932252 4851118 3558
3532550 3474722 3559
4178408 2112585 3438
4219299 4060777 3626
4120128 2064585 3237
2273242 2187269 3454
4774873 4688697 3454
279293 77524 3014
5229216 4947596 3405
86975 77750 3134
4959788 4878313 3728
238868 223353 3098
3210565 1395144 3775
4756152 890982 3783
5063464 4952412 3889
2391355 2305425 3824
1424427 980476 3346
590262 434050 3689
4868640 4791638 3461
3063140 2056148 3815
4273966 2138552 3726
4987665 4850910 3476
509589 479792 3090
284053 145577 3391
448937 421960 3107
2687652 2642576 3146
3563222 253844 3151
1317507 1133681 3432
893065 808492 3290
1540629 1339307 3695
3789556 3618843 3359
161133 12970 3562
12290 1 3898
3563045 3241717 3086
3217548 3197461 3231
4508149 4328366 3862
4554295 4393539 3403
1770971 1575675 3566
5050136 4908107 3609
4160145 3305105 3092
2550765 2451989 3197
3138202 3015788 3184
4942021 4865506 3268
1227690 1056728 3113
3455709 3360721 3729
1176144 1155797 3612
382422 253172 3016
3351767 3286606 3297
1082529 1054461 3231
3222864 3146674 3736
4865432 4214190 3822
2467221 2384005 3162
3764589 3663960 3452
4011181 3882073 3781
1209775 1124495 3796
534085 450621 3284
1943630 1906153 3819
1396739 1386288 3003
3372115 3314205 3869
1346909 1222145 3079
5174428 4189074 3292
2004833 1901137 3235
4349363 4219278 3126
2009149 981983 3373
3438615 3433847 3366
2570465 1421305 3693
3394920 3335941 2969
2119318 2099734 3250
1532695 1379177 3073
4796815 2047412 3816
5299870 5160563 3797
4497057 4373072 3433
2024079 2004811 3350
2838832 2709129 3835
3734965 3578565 3041
4708675 437126 3681
4754392 4550538 3764
4050346 3908220 3152
4614396 4440556 3464
651703 530848 3019
1389250 1325748 3571
1629496 508080 3015
2830329 2739835 3223
3455323 3247791 2990
3466145 3459193 3355
4085991 4020839 3782
4726757 4623895 3808
906876 3493 3770
3211567 3199563 3276
1213537 1081834 3846
273735 219491 3682
1424418 1375460 3551
2680591 2496319 3934
1951650 1851388 2993
1564210 1375067 3061
3863389 3843694 3526
509196 310765 3098
325307 313495 3395
3591112 3452011 3730
4981209 4818959 3038
3147565 3062890 3672
1869589 1866493 3912
635964 490292 3440
4821961 4723768 3638
4970104 4843767 3862
1863655 1661329 3389
2462961 2282503 3646
1298942 1135548 3689
3736184 3692158 3069
4754710 4629955 3525
3914498 3790500 3119
172419 33771 3412
4260538 4144077 3791
3143555 2975704 3181
679277 513083 3208
1335941 1136446 3489
4634043 4487831 3224
1939963 1685331 3959
1677651 1533903 3835
4109984 3966828 3735
882317 727760 3364
3262388 3098990 3329
809875 625342 3887
3564288 3371111 3791
1536563 1434463 3353
2636490 1833266 3733
1315351 1127989 3533
934045 862686 3679
2293366 790844 3326
4788742 4777580 3778
2051676 1971122 3459
2291558 2104778 3577
3719189 3553314 3622
4189694 4034441 3689
3678199 3580487 3426
4080980 3882891 3116
1181581 974265 3390
15938 1 3376
3997405 3220752 3492
2100587 602459 3913
930422 746869 3232
5303491 5267596 3153
4000145 3787126 3982
28395 1 3367
313512 228014 3779
3701305 3564666 3300
3469157 3378022 3489
2552563 2353802 3357
3832318 775048 3295
2564444 2395605 3911
4682238 4674052 3590
4627528 4580211 4014
804366 721004 4028
2753484 2547522 3875
916799 810570 3372
2943941 2898177 3630
2238914 2184552 3547
1414996 1413946 4002
925662 811712 3307
1247821 1107132 3953
1717527 1638854 3882
565433 537537 3265
4592333 4452852 3332
2077071 2046116 3293
734276 687355 3332
2341478 2285511 3857
4284849 3443008 3702
454131 357889 3770
4004363 3876373 3766
4563545 4373149 3811
1866969 1835415 3481
4534788 2336372 3176
4331045 4128423 3441
841344 788109 3926
1599206 1471531 3597
4550438 4363728 3536
715805 677532 3247
4492624 4452710 3619
3367533 3081220 3187
4624668 1243570 3728
2381918 2257577 3932
3446144 946667 3816
2839951 2698674 3138
5134296 4678256 3139
4991967 2461359 3692
942234 889047 3950
1849919 1689058 3906
753256 597865 4014
658374 478853 3349
4201188 2318829 3798
198408 19044 3395
4575216 4481744 3827
3014184 2938047 4015
4835467 4802907 3223
1005821 876296 3485
4801553 4617004 4073
4536088 386333 3994
4351647 4332381 3306
5196239 4960286 3865
4284675 4198382 3296
3362260 3197908 3470
1628819 1512267 3757
4955501 4858018 3558
3020130 2964109 3200
3037489 2837015 3588
3955280 3625223 3731
2429101 2256575 3964
521430 338241 3577
2096986 1905285 4027
694935 606800 3313
1564281 1544434 3780
1839771 1794101 3492
1505485 1303384 3547
5016101 4842156 3328
4936338 386934 3492
807712 701783 3120
3237860 3139606 3476
503429 307571 3809
206036 129352 3567
5150005 5080523 3310
4161108 4136108 3359
787809 702100 3723
1808378 1629792 3506
2259420 2086489 3365
3637281 1193860 3963
2831278 2804000 3886
4670761 4506733 4038
1082119 1048661 3629
1940271 1802122 3904
4638783 4525972 3634
830953 758264 3628
870579 764614 3541
5005457 4823270 3910
2182790 1979676 3160
3121278 2971238 4076
296936 267607 3576
5141992 1025647 4094
5262418 5169843 3815
3217700 1924955 3396
4395386 4322381 3723
1086624 1071871 3775
433245 259852 3928
4601194 4448714 3869
1662340 1458140 3304
1634057 1501928 3329
3210577 1543986 3336
4631141 4487742 3952
4300323 4217717 3670
2875446 2862422 3804
1240336 1170159 3219
1866404 1736713 3763
5102555 3234731 3230
3298699 3113545 3401
4520709 4316169 3951
998532 238873 3297
1568296 1538235 3582
4017855 3833209 3319
2645105 2468840 4085
159049 63190 3415
3538549 3019379 3504
4774998 4734323 3310
5184373 5157552 3611
4567612 4538288 3648
3590463 3406774 3506
1794822 1617661 3166
2227257 2178800 3619
2873322 2701348 3992
2148158 60023 4080
5030372 4990546 3368
5292094 5107737 3476
5253181 671033 4123
2889650 2887383 3229
2839901 2698891 3203
4105824 3977116 3230
2336546 450400 3574
656409 563476 4108
319879 266987 3167
5297439 3001132 3210
169910 54926 3515
118491 84052 3980
567059 367582 3620
5134438 1021402 3302
3460592 3281383 3385
2723461 2531355 3949
4645707 4477527 3195
763394 630404 3620
5003967 4854368 3248
3063951 2986756 3775
1675384 1582587 3627
4047447 3932730 3243
57698 1 3793
2755190 2591890 3523
2964081 2937478 3333
2716285 2678997 3244
912573 811748 3754
2302603 2110893 3489
4106384 3922218 3238
3776471 3711557 3613
4708206 4698986 3197
5301667 2905172 3479
948178 436036 3547
673879 470333 3192
5099580 5089401 3281
1159405 1049965 4151
4679690 4633789 3199
2329787 2314507 3820
2070970 589856 4143
4604932 1428314 3503
2455995 2455526 3950
1926568 1883836 3946
1797605 1641030 3262
155923 82341 3690
1369580 206350 3700
2704549 2626523 3305
924864 768305 3446
4488978 307976 4013
3346786 1646987 3510
519660 510139 4137
4474564 4283390 3655
2551579 2475034 3889
1568445 1429974 3831
3635106 3631751 3306
4896046 4839225 3594
4547765 4488630 3639
3709848 3519945 3394
2193098 2085986 3837
2485620 1162841 3949
3548790 3526668 3446
2524489 2389966 3959
1909554 1732208 3320
1519566 1379920 3810
4836586 4657138 3374
2414298 2289565 3572
4060319 3972400 3565
2560162 2419961 3513
1087832 937553 3800
1783416 1608890 3420
1712461 1596900 3875
532338 524513 3696
4157789 3953579 4203
242734 201401 3332
4232832 4180576 4147
1780091 1632740 4137
1801027 1617051 3935
1912578 1733880 3813
590764 491447 4003
735477 568041 3243
983456 843689 3724
2175030 1405642 3999
5110452 4961101 3694
5127743 4997183 3998
2078198 1983616 3403
392142 373796 3587
2663493 2510807 3873
5225675 919993 3707
1051066 858767 3674
2981332 2898067 3673
1893130 1725517 4221
4496943 4296834 3777
3991362 3904106 3732
4415306 4384950 3983
3992673 3982235 3283
2826287 1949769 3776
2799931 2417111 4118
2322365 2117138 3511
4485316 3474299 3825
342484 166693 3776
3963112 3770669 3409
1517245 1359218 3464
4169796 3979221 3762
3438066 3409782 3889
537627 523291 4039
189121 10326 3970
4252725 4179592 3523
4977642 4842522 3316
4824302 1323305 3660
4243071 2528269 3614
774566 743515 3806
3520073 2416349 3432
4924978 4856617 3556
1627008 1470387 3786
559813 531903 4122
3724142 3552386 4166
2140382 2005762 4093
4753803 3644986 3783
2388020 878791 3655
3819675 3643428 4196
2575588 734908 4174
2033943 1979267 4246
696971 684390 3342
3576108 3447537 4004
4159658 4154318 3649
264879 156447 3792
675711 523622 4037
1587539 1567192 3997
447116 371201 3901
377344 345273 3665
4754728 4662076 3519
4295034 3188934 3367
1128432 923142 3756
4344982 4326602 3564
351675 186492 4248
1438038 1364489 3843
1836684 1763819 3779
2791729 2657073 3576
1789513 1688486 4140
3656123 3468581 4111
503401 338648 3698
3505715 3437030 3470
3686993 3505006 3729
1249610 1104674 3726
688832 678063 4099
2859832 2682963 4292
4047829 3841044 4191
1519171 432016 3757
159306 103321 3438
5172240 5074354 3307
4064098 1320035 3774
383011 239075 4133
1256126 1083054 3906
2057559 1918531 3869
1410479 1244910 4030
219691 11795 3998
5210786 1563568 3440
2065220 2006249 3736
4447378 4258434 3880
2827436 2772237 3882
4221631 4182210 3669
3945404 3868733 4043
5266826 5146680 4179
343549 240776 3535
3718660 3670514 4141
1577047 1499785 3856
2086270 1979224 3343
1041279 966341 3748
2375243 2273650 4254
4019587 4010247 4214
4804367 2987455 3476
3532954 3441004 3579
1556409 1406939 3584
1649229 1556400 3790
704000 527190 3835
5157258 4831778 3955
299797 193151 3899
2601371 2406922 3406
1598542 1410826 3963
396014 197731 4307
1159082 986376 3383
3694474 3496246 3640
4321297 4269972 3653
2975155 2893188 3582
2908399 80829 3646
4340357 4177477 4155
630457 464106 3767
2519929 2360340 4170
3872618 3732817 3349
335141 203485 4008
4505414 3849037 3826
3208312 3036643 4087
4871660 4727357 4021
3610890 2928436 4181
2815015 2636311 3640
480038 422547 4165
2318144 868937 3687
5074381 1883988 3516
4616540 4455454 3758
4294807 723756 3549
4265856 4058449 3889
1195571 964473 3364
3253863 3241870 3422
1303236 1106905 3438
3062445 1433009 3558
4522098 42164 3998
3686527 3675340 3782
409914 106667 3655
354675 204891 3611
1282662 1246742 4320
3587978 3569468 3920
157936 119329 3827
1802046 1737072 4050
751539 628455 3381
3656188 3535560 3715
695543 670310 4255
4161977 4076210 4161
4753068 523576 3689
3479318 3318278 3672
4797103 4718605 4117
2126637 2117339 4266
2408043 2333449 3728
3590140 3588400 3405
3193972 3166765 3980
3488778 3453682 3901
563682 373241 3376
3083943 3021828 3788
5102773 4999744 3380
4194747 4114451 3992
200486 155779 4144
5265359 5221527 3684
1750203 1644693 4078
3313718 3305184 3805
4761242 4611371 3915
4373100 4303491 3574
2749922 2663779 3816
1023309 984344 3403
3467511 3272769 3750
2558385 2525281 4336
5044810 427278 3837
2108877 2070143 4235
983494 927767 3850
1326560 1182294 4069
3512495 3455965 4314
4135217 4055631 3803
3709604 1517658 3705
4083022 2015342 3546
1636416 1331644 4161
227050 32701 4285
5309944 3755520 3775
1300250 1148491 3937
4570693 4552680 4321
4996957 4988116 4312
3461348 3361915 3552
2099827 1932810 3864
205592 99453 3793
1426699 897711 3964
2169945 2048883 4353
2834252 2709426 4105
1060168 928683 3660
31123 29962 3713
4861523 4760017 3684
4562066 4557099 3763
5301175 5226577 3991
839776 674913 3424
1466714 1397878 4288
3372268 3202028 3935
4535349 4491512 4188
2674097 2628371 3704
466953 293765 3990
5280744 5075285 4275
4261610 4161087 3978
1465898 1280069 4314
2893740 2787001 4013
2213220 2030008 3770
1109572 935547 4137
3237717 3083397 4301
3120250 2987084 3981
1439761 1252821 4393
909660 470751 3890
3657865 3564830 3441
1914479 1771384 3653
635047 435338 3681
2271736 2238568 3668
3826765 3679751 3677
4717701 4614166 3904
1355422 1235912 4090
91660 1 4126
601374 577478 3924
3508800 3411697 3988
4014656 3899713 3653
3981862 996657 3835
1622675 1457202 3796
2739476 2600662 3560
3762072 3623612 4130
212924 80004 4000
3353053 3233997 3924
1688013 1537059 3839
2200085 2092407 3871
2628547 2602694 4263
3192232 3034564 4175
577302 399420 3494
953039 942901 3542
3941570 2483036 3791
4967532 2761026 3794
2916900 1331128 4407
1327081 1260413 4030
3985735 3824271 3953
430493 288449 3542
4799195 1045176 4153
1607660 1529491 3855
529528 396557 3987
5137070 5124934 3629
349627 20542 3628
2706351 2535674 3794
5233629 5035548 3582
5223389 5018698 3772
2806671 2755682 4192
3338408 3170430 3917
4800893 4650622 3636
2300979 2284858 3556
582048 454898 4181
978206 832397 4379
683504 570627 4153
4179595 635185 3949
2057657 663127 3836
4846863 2372503 3496
2939464 793863 3993
2196739 2082400 3728
2879083 623109 3756
2111962 1921280 3504
3538541 3503035 4466
4624736 4416727 4180
460895 314292 3798
3052193 2873166 3560
714259 596423 3572
3263662 1949072 4386
2275615 2205842 4209
715162 573733 4330
3582473 3471413 3703
2948641 2800186 4305
122396 66258 3933
2007894 1979678 4286
1751432 1688047 3628
5062936 4868060 3624
2695173 2603774 4298
4143733 4076948 3522
3249116 3124594 4418
530016 513937 4497
4368352 4183332 3552
3886747 208455 3880
3399957 3211148 3977
1637405 1462477 3572
690318 659018 4400
1156602 1092766 3527
2332730 2205881 4145
5090291 4077699 3951
3940406 1598136 3816
2928326 2811264 4159
296445 184965 3859
3186553 3170057 4492
151815 139226 4163
3538935 3494997 4312
3201595 3198669 3742
2809568 2170114 3898
2066449 1457045 4022
1305412 1294612 4219
1847539 1745893 3746
2830544 2771674 3689
2225299 2140952 4075
1567338 1364860 3791
1056895 1024311 4511
683205 506338 4122
1709633 1567006 4097
2312661 2279913 3757
5006408 333184 4005
954942 825343 3851
196005 138222 4016
190149 168919 4162
2925523 2889659 3829
815979 615326 4262
4514633 4462773 3928
4321386 4131028 3866
4772701 4727249 4326
1416511 1388625 3915
5023490 4892257 3722
1113879 1021481 3876
174425 74458 4056
4884102 4693654 4280
3565148 3565116 3741
86248 1 4365
4079269 3977765 3732
2984831 2889770 4279
839606 703848 4537
4000484 3855172 4361
2807586 2779045 4400
4354056 1656816 4463
636922 573370 4534
3078863 2977862 4462
1825531 1701109 3559
396049 232956 3593
4021362 1300954 3661
4347416 4173929 3835
3016330 2853527 3566
1693656 1607051 3827
3881187 3715318 4413
5295052 5161936 4275
1703180 1542016 4238
3882419 381939 3775
3228148 3156576 3798
3465382 2271251 4372
1684024 1625182 4064
2809151 2808761 3900
699458 693504 4153
545820 454565 3653
3272173 3108561 4051
1310492 1193282 4243
4198677 4159961 4324
1379375 1288555 4368
89842 1 3952
190598 172150 4115
2978901 1905034 4145
2764120 2718947 4004
4211749 285008 3845
2846984 2663931 3859
845954 661744 3943
3927644 1605722 4130
4436299 4276140 3964
5161696 5128852 4342
3440179 3319389 4335
3549969 3345773 4424
3355791 3323217 4539
2501972 2322288 4576
4293373 4107220 3855
1255724 1159917 3585
45124 29941 3933
365812 174111 4309
4189304 3838776 3713
1572183 1559103 3786
4428761 4388036 4039
4429717 3485166 4530
3959167 3901538 4172
4553778 4472918 4452
4548735 102237 4420
1588651 1449124 4482
3959392 3890114 3937
4388223 4329633 4296
912625 790336 3920
3268066 3128489 3922
3998833 3865520 3630
3967344 3847038 3717
4027701 3864139 4367
2144646 606800 3820
3338774 3244151 3685
885751 780718 3963
1883761 1729837 4318
3236818 3097021 4543
700197 513818 3629
4543061 4508930 4451
3166858 3163768 3687
1894823 1104925 3843
301728 234896 3735
4634680 4487735 3747
1615743 1429926 4225
4325733 4149429 3992
3603440 3475062 4314
3328829 3226196 4461
4763058 4617014 3916
4000304 3895193 3990
3823861 741474 4421
1487314 1435109 4001
2282585 2109506 4417
4611087 4566018 4006
2061259 1867616 4154
4645215 4492957 3645
3654449 248105 4142
5312255 5212305 4480
4977085 4895778 3993
1938170 1738923 4586
4235849 4071143 3709
4082640 3830060 4361
1877900 1581058 3816
3989673 3806695 3753
1879043 890670 3901
1330594 1264021 4341
581032 275259 4425
2510613 2445020 3665
4395937 4252630 3999
1608276 1471750 4331
2318285 2310235 3891
2541837 2409378 4091
1046280 965394 4394
336391 232201 4448
4632958 4448829 4143
1575956 1507056 4566
3114411 2557194 4158
2529670 2341827 4031
3834743 3826905 3691
1216613 1053293 4178
950420 945917 3811
4038623 3930526 4049
3215894 3068270 4481
3187693 3038647 4231
3324125 3226125 4442
4857565 446656 3858
1099121 1078542 4329
4236265 208848 4197
4751351 4699108 4353
3013863 641080 3965
4975182 314296 4329
4264993 4211992 4277
3858962 3812343 4362
4119714 4047658 3929
3618831 3413448 4483
3395078 3211229 4134
1637805 1613283 3733
5114609 4933693 4511
1313001 1208687 3789
2783364 2718048 4232
2365393 1910627 4176
3744309 2138215 4342
2460855 2366532 4266
4432999 3159817 4596
3824750 3637412 4629
1774579 1569472 3742
181387 24944 3751
2400498 2395543 4648
4579668 4545058 4107
2863969 2783882 3759
923547 835937 3934
1428102 1427244 3854
2711903 2676243 4274
813503 642298 3906
4412423 4398451 3782
1190207 1027281 3710
2730805 1224719 4235
1929790 1798153 4262
712185 612161 4422
813637 716851 4518
3841241 3797422 3885
2752946 1989183 4178
550484 446042 4249
2018575 1907938 4680
1004606 850554 4536
4700235 4648283 4393
630350 553275 4053
3537275 3392381 3803
3800560 3716335 4404
4774344 2202340 4577
1438178 1438008 4545
2893879 2722018 4375
3125530 2928956 4393
196499 78484 3714
767338 625462 4352
140355 31201 3964
3604297 3422524 3800
3597795 253486 3739
4951479 4757248 3735
2285733 2120167 4003
1882240 1370174 3848
2815338 2758302 3711
1509946 1335545 4695
625630 598053 3859
4531624 425223 3786
997806 883271 4219
3349712 294851 3922
2664418 2568446 4037
2451342 2437780 4148
2271253 467098 4409
2947468 2759734 4253
127518 1 3742
2048460 1896073 4216
4300006 4109325 3945
2936160 2536123 3817
2434014 2365183 4562
2214574 2076575 4709
2421005 2251010 4585
3949021 3809911 4703
1013063 833607 3952
4369106 1123745 3739
47532 1 4123
2905279 2779061 4701
4954713 2238440 4517
1029394 841951 4003
2891321 2685992 4101
10826 1 4270
2218152 856798 4029
188187 49878 4099
224622 52820 4738
4868973 4672927 4695
2421536 503005 4110
1596688 1489369 4382
2814816 2022274 3895
1399134 1284512 3810
4624920 4482889 4135
2214779 1531649 4409
1188334 1046246 4341
393262 224252 4670
3612125 3563515 4691
3015074 2914777 3853
1916518 1740080 4365
2916860 2735789 4547
4159390 4009342 4224
1452793 1351859 3826
5043450 3055588 4518
3442633 3262512 4513
1480341 1361674 4701
4183970 4150620 3946
3922119 2084545 4160
4950801 4803557 4625
879324 843681 3932
4467784 2718784 4283
3586720 3460949 4340
826193 725509 4737
3979452 3784581 4724
3443154 2379366 3844
3139195 3005214 4200
655121 518867 3980
557432 358599 4502
811517 693369 4471
3516001 3447863 3983
495974 377646 4111
4128854 3986983 3912
4945657 4800759 4363
4183349 3985878 4614
2703664 2642821 4756
4834692 4729448 4573
3919141 3739087 4391
1914426 1716326 4463
3766383 3616339 3802
695663 633472 4026
1084339 893178 4582
2022695 1921035 4073
3426219 3349327 3945
2800299 2658323 4152
3244120 3047089 4246
886774 720154 4132
4018619 3974561 4401
412967 280578 4096
2783523 301921 4135
4315464 4259508 4064
4132260 745895 4403
590000 554868 4169
857234 776519 4457
1448716 1333351 3885
2665390 2465829 3830
2047883 2042329 4707
1677230 849792 4213
2261068 2197592 3860
4747245 4561614 4298
