100
9155 28804 29750 11505 29243 25374 24735 78 32414 14789 15229 23680 2021 6045 15151 32505 29702 12244 22269 3960 25367 7221 4950 19255 32183 506 25435 28774 682 30946 17314 32217 22467 26756 29235 6910 8711 20451 26583 15377 10511 11074 30355 22163 2478 27706 12655 14840 31700 14345 379 24736 12210 24621 3092 19720 1567 18738 20068 18242 10299 13256 4648 3746 16978 7192 8118 21435 26115 9048 20798 3721 22433 14237 27472 1264 19161 28145 24222 5477 21141 17062 22276 6636 2081 13290 15301 30530 11660 27291 1304 11355 20306 25948 2787 30223 10551 23016 12486 23312
100
0 51 56
1 80 99
0 52 95
0 3 95
1 22 59
0 32 100
0 48 98
1 23 40
0 3 39
0 52 89
1 11 58
0 11 70
1 1 1
1 25 93
0 17 31
0 13 29
0 25 55
1 50 82
1 18 32
1 73 78
1 14 26
0 14 100
0 30 36
0 24 93
1 85 96
1 31 91
0 45 49
1 31 83
1 24 92
1 22 56
1 63 98
0 78 92
0 84 85
1 63 65
1 24 90
1 88 97
0 19 54
0 38 75
0 46 89
0 53 73
1 22 98
0 51 79
0 25 84
1 71 88
0 29 96
1 16 79
1 53 79
1 61 97
1 18 61
1 20 68
0 64 89
0 2 63
0 6 64
1 78 97
1 26 70
1 61 83
1 10 55
0 74 85
0 42 70
1 4 84
1 45 54
1 34 54
0 53 82
0 29 44
0 38 39
1 4 97
0 45 51
1 9 37
1 28 75
1 23 54
0 1 61
1 2 36
0 44 96
0 35 41
1 1 11
0 88 95
0 9 96
0 28 91
0 3 6
0 41 46
1 11 29
0 11 92
1 43 100
1 41 64
0 45 61
0 61 62
1 34 48
0 72 76
1 18 94
1 50 96
0 19 93
0 18 67
0 84 90
1 7 10
1 66 96
0 20 64
0 1 94
0 20 24
1 63 90
1 28 60
