1000
9237 2602 17602 23264 24963 25239 4242 25200 19220 24927 11531 24781 31205 26487 12900 7205 12023 14123 2501 2252 15843 1029 19872 30780 4041 14832 1093 14683 21130 16285 26801 3580 10295 14374 13735 6567 27337 2033 9987 11677 22546 8408 9546 5655 14835 22918 20357 19663 24272 21540 22352 13505 30273 14390 25390 17203 9738 17343 27423 14835 27470 30636 17269 22240 7167 25455 18915 7339 7321 21483 26839 6367 7696 27024 25865 19231 30726 22983 10580 4527 29506 24464 1222 16183 6238 8041 3827 15811 22207 627 9870 25357 6091 19664 15930 23039 4693 29519 27549 17780 29276 29771 27830 63 10486 14288 6001 7790 30855 15104 26489 5072 4406 2741 7758 9140 20898 20840 10647 32244 32720 31826 17337 11570 3689 15312 680 14946 16930 25356 18686 10632 19323 27354 19786 13251 10412 7136 11178 25227 25564 9210 13724 28727 405 6877 29713 4546 13173 14842 4035 3534 8998 19365 5065 17641 27024 5494 15976 3856 1612 16879 21549 4721 27484 3424 10552 30581 28954 14856 21723 7678 18031 3965 17252 14318 12613 26958 6710 27880 13119 6374 8735 27482 26279 7859 11237 2747 10152 32392 8994 25361 23997 13120 17234 32183 31081 1445 9003 861 31273 19088 2605 2896 4263 19537 17529 28668 12592 25424 26854 19631 10856 501 17746 2207 5180 14278 25910 4911 11033 28623 26237 13678 27483 28231 4247 7392 265 20848 25033 898 24511 6591 1735 6408 5867 32061 28804 4457 13884 2605 31817 31901 22104 23791 25093 19365 6606 27940 23780 9933 14923 13843 16930 31022 30224 15948 31266 21878 29091 17034 4026 6124 25029 2014 18897 27054 4517 6410 813 2365 6483 29483 13446 31804 22647 26012 25823 3701 2371 10518 29718 16925 32678 29212 29625 5465 26819 662 539 16641 7841 32444 23463 21667 25636 2357 5749 21451 7484 27264 15387 14465 22364 18324 13766 32532 13870 11203 16009 7958 6277 27108 20468 5544 2451 6321 15593 25848 21084 11886 28331 11527 16234 32716 30776 16816 28354 9740 29657 25062 14872 4199 24311 29757 4415 17582 26672 27819 22755 4910 25514 16272 8570 16854 22951 1525 19064 29340 25434 14097 26050 18716 18938 6930 28518 4994 7188 23322 11657 31403 11557 21127 19617 32135 13160 1399 3044 15298 30701 24715 3583 21411 19691 9708 8716 22324 15959 11148 6334 7331 12469 20143 31199 28136 25135 16553 11773 23464 484 4329 28768 14169 20866 6198 7487 30888 1303 10553 12339 4631 21796 10812 1771 30955 30452 31793 15394 25669 28459 21238 11982 1935 29346 25303 2458 19481 18802 1877 24215 19972 26703 18213 11054 8288 13336 22908 22618 7313 9131 4234 2836 16631 13310 19780 22798 25294 25196 24679 13731 14162 8524 31930 11022 30759 31432 7827 13275 9977 21997 3228 18588 13408 4606 21975 30173 3590 27662 28896 3674 22539 25293 24691 19823 21928 3235 301 32207 17683 5115 25751 30841 12963 19938 23904 4072 1845 7888 8426 15242 21966 8645 8713 6004 11394 17816 2311 3156 27796 21644 27883 13223 28126 6693 12794 19500 29043 6970 12671 21144 10116 5194 3784 4747 19584 12820 23921 17347 8575 14433 31973 1936 17377 2853 19745 23175 10290 19910 8379 20091 15441 3260 4131 8361 29906 9562 4650 51 18848 24555 32192 6352 26087 28673 22786 13761 3889 20234 6516 4359 1999 9508 14730 8915 28794 13363 18286 1342 27962 31024 20733 16442 4487 30660 20754 4552 22446 25621 520 1644 10103 7904 14714 30174 12293 14280 12621 14339 6397 27117 25073 9755 20203 18113 20963 15420 28385 791 32375 28415 5473 6781 16852 2425 5244 15564 23104 10093 21820 14845 30366 8127 26688 24638 27700 29484 2470 69 31154 4921 7214 3045 15216 5481 24475 735 13560 9907 26205 8698 5060 21299 3694 2134 3913 30240 378 18173 2612 26110 66 3771 22771 12565 32066 28720 20855 32289 19089 25123 2104 25931 24330 537 24186 21848 30377 17190 17871 22817 4663 32516 23774 20803 6698 7522 18786 30231 10439 17790 29558 13797 16265 19958 1551 17236 27590 24284 22730 26661 7824 31240 9960 28705 15322 23986 14230 16464 9435 30016 23410 28268 16824 19548 25420 27797 20061 14410 29737 7494 28331 11128 23694 25480 19929 26455 20219 870 19732 106 9653 26272 1385 26781 5064 6564 8421 29655 26445 5305 20219 2770 16617 9598 22565 43 25750 3219 5326 15285 1958 9110 19312 12307 16389 8017 14842 20102 30910 16945 20084 27907 4032 4858 21221 21129 227 27578 4213 23985 16934 29948 11727 31111 13626 24893 19657 21656 21061 31908 11079 3660 28640 25837 19292 20086 19553 32167 26291 31530 15456 29855 12590 207 8820 27292 11980 24692 5182 5196 8400 30824 20649 26495 20000 15108 27503 10387 10987 18380 20960 27695 9102 6839 3295 24885 3769 17866 25645 30449 2765 26859 18154 13207 19081 23541 7512 20204 5350 16136 26595 25923 31807 25891 20318 22187 4277 19700 2704 9831 4562 7150 15599 28318 25453 20381 12971 15444 18893 6454 7662 26521 12561 6003 14691 15360 974 25245 29685 1363 21755 7914 2521 21637 24842 2314 11982 4328 10840 12541 11683 10656 13511 22311 8442 31576 9385 8102 10573 15924 17633 4067 17454 4102 14404 2663 10451 28356 23110 15601 19921 14138 4818 13509 31784 31740 8569 3398 4992 18591 9167 27847 25522 9512 23314 17311 16266 28101 29965 379 11468 21179 23612 13561 21876 5280 21297 18802 7746 20682 24374 22294 1654 29191 17972 14655 13529 6542 9172 24319 22012 5174 23011 2555 12228 12262 24571 28541 3622 1357 13920 28612 27952 2515 40 22431 1097 32207 2207 24634 5817 2810 14313 24887 11628 10020 15081 26880 7666 3877 25186 12124 715 28183 32092 5697 2274 1218 13002 11498 13911 25944 7785 26920 3713 5987 13547 2813 14132 14331 13141 24167 831 27196 7590 20346 1593 11255 4281 1201 5502 25256 27500 29574 23156 13480 4866 9024 23059 676 22214 4621 5540 5454 14065 28752 10440 21330 4814 9788 2237 5004 540 22434 18653 24440 23988 23047 2151 14826 15212 20730 28034 15871 24890 25765 20863 10835 29597 18081 607 11380 25400 30991 15765 151 24000 3044 18445
1000
0 541 946
0 643 653
1 539 663
0 8 447
1 714 763
0 253 435
0 80 214
0 668 711
0 24 873
0 364 567
1 123 735
0 155 661
1 390 650
0 511 895
0 149 397
1 224 691
1 67 632
1 340 377
1 250 280
0 383 677
1 12 14
1 355 904
1 39 335
1 306 781
1 736 803
1 453 917
1 521 885
1 76 136
1 98 358
1 131 274
1 363 430
0 74 452
0 234 647
0 380 818
0 46 877
1 40 579
1 51 777
0 18 204
0 337 716
1 313 949
1 140 488
0 370 867
1 316 955
1 201 482
1 198 621
0 88 108
1 770 979
1 310 768
0 482 715
0 99 561
1 17 310
1 732 923
1 459 699
1 635 838
1 217 662
0 42 448
0 319 665
0 55 95
1 10 926
1 356 557
1 466 640
1 113 325
1 215 367
0 180 774
1 800 871
1 651 814
1 705 991
1 467 975
0 310 707
1 753 960
1 160 260
1 139 250
1 20 444
1 6 953
0 752 780
1 306 819
1 3 500
0 20 969
0 54 523
0 401 967
0 557 989
1 751 783
0 232 952
1 362 690
1 487 680
0 84 851
0 172 899
1 56 136
1 232 549
1 179 760
0 404 767
0 269 478
1 5 592
1 823 899
0 50 892
0 259 516
0 123 812
1 570 671
0 363 671
1 405 524
0 129 818
0 65 411
0 65 872
1 320 463
1 538 999
1 476 966
0 116 653
0 211 689
0 667 738
0 146 414
1 386 534
0 429 948
0 745 809
0 304 431
1 88 214
1 308 463
0 760 774
0 142 750
0 464 869
0 305 738
0 54 666
1 495 905
0 327 672
0 484 734
0 140 517
1 778 815
0 756 845
0 156 550
1 805 871
0 104 668
1 321 967
1 497 922
1 940 967
1 285 410
1 181 719
0 211 907
1 303 908
0 409 494
1 24 999
0 708 708
1 429 935
1 508 674
0 284 365
0 102 549
1 390 632
0 176 187
0 531 958
0 162 426
1 63 667
1 512 952
1 116 917
1 398 908
0 493 703
0 565 666
1 381 534
0 783 929
0 593 878
0 254 844
1 148 585
1 900 986
0 616 876
1 63 278
1 394 632
0 653 706
0 701 850
0 74 277
0 271 871
0 723 828
0 249 892
1 419 632
1 171 841
1 543 868
1 705 811
1 18 982
1 40 205
0 75 146
0 609 668
1 171 546
0 230 537
0 114 117
1 299 456
1 546 952
1 546 763
0 107 160
0 482 645
0 69 466
1 94 697
1 583 821
0 419 939
0 92 620
1 385 507
0 446 492
0 784 887
0 224 644
0 174 715
1 80 373
0 261 964
0 373 394
1 152 558
0 2 196
0 228 977
1 645 900
0 268 567
1 114 314
1 551 975
0 491 1000
0 353 674
1 412 890
0 140 269
1 76 656
1 530 704
0 462 614
1 109 261
0 86 165
0 414 632
0 634 999
0 316 573
1 37 105
1 322 857
0 402 715
0 243 548
1 87 528
0 505 732
0 548 889
0 304 565
1 376 390
1 112 620
0 234 586
0 766 875
1 405 658
0 618 643
1 201 383
0 299 745
0 272 728
0 458 968
0 854 948
1 127 618
1 963 976
1 284 784
0 246 817
1 474 556
1 246 665
0 177 721
0 390 900
1 323 539
0 570 745
0 558 647
0 232 291
0 309 845
0 623 673
0 658 814
1 688 941
1 255 818
0 831 890
0 510 867
1 92 284
1 166 265
1 568 830
1 495 989
1 531 539
1 384 509
1 305 691
1 186 639
1 378 580
1 914 985
0 680 759
1 245 692
0 387 900
0 306 821
0 6 950
0 177 262
1 98 758
0 694 826
0 310 786
0 206 472
1 684 934
0 751 760
1 53 493
1 333 558
1 470 843
1 358 533
0 399 634
0 470 808
0 251 951
0 22 478
1 131 987
0 173 586
1 215 788
0 35 425
1 171 912
1 80 672
1 99 894
1 740 940
1 264 328
0 463 653
0 149 443
0 290 640
1 172 284
0 32 792
1 289 600
0 246 830
1 537 728
0 55 213
1 746 776
0 584 661
0 199 726
0 89 245
0 130 770
1 161 734
0 450 454
0 31 856
1 107 224
1 446 845
1 270 927
0 70 670
0 30 487
0 521 608
1 395 459
0 323 957
1 42 708
1 161 731
1 838 942
0 822 931
1 146 420
0 78 377
1 562 953
0 577 877
1 370 963
0 98 726
0 211 230
1 75 222
1 111 386
1 84 752
1 165 684
1 256 428
0 473 842
0 49 588
1 178 733
1 89 217
1 134 186
1 291 823
0 197 256
1 698 888
0 449 871
1 127 180
1 483 549
0 18 200
0 822 920
0 110 201
0 96 825
1 6 132
0 133 332
0 174 178
1 239 548
0 119 262
0 121 901
1 445 759
0 681 781
1 22 48
1 663 695
0 133 736
1 6 886
0 102 995
0 329 694
0 93 472
0 536 562
1 440 822
1 758 990
1 16 568
1 494 871
1 12 935
0 749 802
1 59 905
1 381 443
1 409 651
1 521 992
0 97 856
0 153 364
0 50 935
1 59 635
0 631 991
0 286 289
0 170 582
0 239 245
1 592 703
0 461 738
0 345 565
0 520 718
0 631 967
0 804 891
1 627 713
1 162 258
0 666 839
0 923 948
1 688 962
0 205 286
0 200 823
0 501 939
0 322 632
1 72 677
0 530 742
0 380 557
1 245 436
0 700 819
1 455 612
1 132 319
1 453 998
1 195 363
1 286 418
1 124 142
0 3 845
1 172 806
1 52 884
0 385 486
1 450 461
0 122 741
1 603 799
0 102 577
0 197 791
1 159 426
0 72 606
1 188 931
0 692 789
0 178 651
1 345 429
0 525 950
0 337 722
1 662 823
0 580 615
0 687 945
0 786 839
0 704 725
0 196 981
1 95 979
1 437 941
1 253 475
0 347 461
1 225 643
1 537 815
1 119 240
1 331 994
0 531 934
0 564 803
0 322 762
1 190 691
0 331 712
0 438 811
1 222 620
1 436 676
1 658 874
1 23 615
1 624 758
0 441 962
0 517 616
0 75 81
0 527 786
1 45 124
0 780 963
1 100 400
0 329 372
1 213 610
1 45 190
1 518 996
1 183 974
1 243 996
1 420 675
1 117 171
1 127 420
0 386 943
1 530 883
1 342 391
0 253 984
1 493 622
1 785 847
0 263 911
0 198 256
0 294 559
1 422 628
0 582 799
1 262 582
0 701 996
1 5 553
1 131 969
0 652 712
1 645 688
1 241 306
1 74 331
1 167 387
0 163 856
0 169 740
1 264 334
0 263 595
1 571 682
1 622 827
1 341 433
1 234 948
0 621 835
0 307 583
1 403 864
0 206 715
0 264 504
1 105 187
0 60 876
0 593 868
0 79 280
1 22 298
1 134 449
1 197 582
1 581 653
1 344 915
0 683 777
1 471 543
1 67 283
1 96 101
1 70 616
0 850 907
0 699 786
1 153 815
1 275 370
0 684 731
1 287 823
0 481 899
0 641 944
0 287 807
0 454 991
0 720 786
0 201 427
0 361 414
0 271 318
0 422 723
1 531 854
1 97 952
0 606 951
1 94 956
1 151 298
1 14 244
0 303 339
1 107 382
1 183 328
1 410 998
1 490 750
0 407 897
0 136 485
0 687 761
0 663 663
0 151 537
0 198 887
1 517 986
0 306 864
0 617 651
1 54 149
0 588 892
1 16 735
1 226 905
1 306 529
0 539 956
1 532 962
1 807 934
1 112 171
1 75 83
0 683 938
1 37 384
1 21 767
0 36 814
1 28 626
0 74 653
0 697 743
0 353 986
0 494 511
1 627 968
1 729 831
0 412 759
1 157 851
1 341 810
1 219 854
0 192 770
1 343 602
0 86 523
0 201 232
1 465 730
0 16 213
0 430 831
1 314 470
1 28 793
1 500 517
1 108 527
1 235 635
0 502 600
0 673 815
0 36 256
0 73 718
1 433 773
1 870 962
0 24 518
1 478 518
0 335 790
0 18 924
1 111 660
0 61 857
0 22 809
1 18 302
1 283 683
0 57 344
0 144 474
0 179 630
0 25 384
1 134 569
0 59 729
1 85 596
1 131 971
0 421 819
0 736 945
0 228 729
0 324 938
0 331 903
0 673 715
0 756 820
0 475 833
0 606 748
1 717 726
0 170 570
1 299 331
0 97 474
0 475 803
0 107 155
0 659 848
1 563 949
0 145 321
0 426 545
0 225 668
1 185 848
1 43 773
0 382 837
1 133 133
0 271 420
1 493 691
0 239 829
1 225 724
0 178 597
1 804 842
0 163 208
1 795 854
0 88 309
1 518 707
1 611 871
0 250 669
1 46 734
0 532 861
0 809 911
0 302 760
0 69 256
0 44 650
0 348 509
0 625 937
0 135 596
1 285 633
0 535 713
1 300 979
0 134 779
1 457 655
0 143 534
1 260 722
1 529 859
0 133 726
0 26 994
1 352 838
1 412 976
0 365 959
1 314 726
1 316 665
0 442 719
1 483 957
1 329 751
1 834 998
0 127 807
1 363 448
0 535 622
0 446 535
0 717 839
1 799 963
0 100 770
0 45 636
1 45 228
1 139 148
1 454 522
0 232 769
0 363 386
1 11 915
0 341 776
1 287 704
0 6 143
1 425 601
0 61 767
0 111 544
0 141 744
0 236 711
0 430 982
1 71 772
1 376 526
0 378 532
1 821 920
0 103 480
1 152 566
0 12 782
1 316 550
0 348 920
1 355 903
1 183 959
0 250 611
0 268 271
1 233 608
0 334 967
1 488 957
1 311 670
1 224 998
1 513 556
0 175 281
1 431 460
0 806 906
0 416 565
1 782 873
0 92 719
0 36 586
0 127 757
1 116 301
0 468 930
0 296 348
1 660 892
1 729 811
1 16 41
0 48 969
0 516 786
1 685 726
0 236 633
1 25 580
1 854 893
1 88 294
0 599 846
1 298 393
1 170 402
0 225 545
1 180 533
1 613 681
0 121 956
0 73 242
1 766 884
1 316 862
1 181 661
1 855 866
1 239 273
1 97 830
0 267 754
1 674 872
1 81 163
1 179 624
0 340 445
1 129 370
1 476 561
1 413 980
1 654 906
0 584 724
1 376 696
1 143 749
0 154 353
1 277 310
0 128 158
0 324 803
1 70 526
0 641 797
1 360 755
0 276 421
0 76 399
1 773 976
0 549 943
1 286 659
1 96 777
0 64 888
0 275 901
0 873 886
1 167 725
1 190 997
1 73 943
0 12 988
0 77 319
1 36 61
0 111 484
1 714 899
1 543 999
1 456 898
1 547 878
0 460 545
1 226 354
0 205 709
1 393 768
0 382 450
0 889 901
1 434 666
0 479 906
0 455 580
1 55 998
1 176 497
1 447 990
0 528 587
0 141 735
0 113 148
1 697 973
1 498 776
1 290 831
0 715 802
0 285 633
0 167 558
0 49 643
0 267 997
0 251 567
1 78 909
1 48 131
0 301 912
1 784 790
0 98 250
1 189 970
1 840 951
1 449 612
1 457 503
0 171 1000
1 99 222
1 559 906
1 243 809
1 525 842
1 190 281
1 299 452
0 726 964
0 246 304
1 90 934
0 530 539
1 802 895
1 165 354
1 480 515
0 464 911
0 127 706
1 482 490
1 513 719
0 132 369
0 461 982
1 61 838
1 210 211
0 336 872
1 575 745
0 205 724
1 582 740
1 660 962
1 575 639
0 78 579
0 302 844
0 222 786
1 61 124
1 8 375
0 193 821
0 365 566
0 204 939
0 380 954
0 87 732
1 206 634
0 337 722
0 146 790
0 760 818
1 70 540
0 292 744
1 205 664
1 94 303
1 216 856
0 243 844
0 792 811
0 349 735
0 149 504
0 806 924
0 293 361
0 235 888
1 49 992
0 161 648
1 909 948
1 562 754
1 631 955
1 467 491
0 393 548
1 132 381
0 872 953
1 124 859
1 476 898
0 151 788
1 517 785
1 392 916
0 536 812
0 18 934
0 140 536
1 239 319
1 851 997
1 19 308
1 896 955
1 116 823
1 1 571
1 419 563
1 139 420
1 688 724
1 323 444
0 252 562
0 764 978
0 555 685
0 38 482
0 669 927
0 338 402
0 394 778
0 182 705
1 441 705
1 238 878
0 572 805
1 291 344
0 579 939
1 336 681
1 220 281
0 134 731
0 265 606
0 427 535
0 832 897
1 418 524
0 724 788
1 86 996
0 64 147
0 28 477
1 316 867
0 464 761
1 476 579
1 136 860
0 307 641
1 712 725
1 633 693
1 838 936
1 936 992
1 383 713
0 651 660
0 340 436
0 204 617
1 899 934
1 514 758
1 298 604
0 80 441
1 766 892
1 21 251
0 153 162
0 615 626
0 433 921
1 645 988
0 52 172
1 229 350
1 224 333
1 90 268
1 121 486
0 39 856
0 607 917
0 294 429
0 220 230
1 96 795
0 506 530
0 107 532
1 29 667
0 264 295
1 167 474
0 68 891
0 14 570
0 618 840
0 526 925
0 11 644
0 443 747
0 468 612
0 13 870
1 837 978
0 414 855
0 172 441
0 262 272
0 317 575
0 405 871
1 737 856
1 110 825
1 15 493
0 164 606
0 162 660
1 53 557
0 343 788
0 422 896
1 704 721
0 240 489
0 471 862
1 690 879
0 218 896
0 898 955
1 955 975
0 540 632
1 216 390
1 204 545
0 650 700
0 421 691
