30 400
30 6
15 4
29 24
22 18
10 26
18 5
9 27
5 12
18 3
27 22
30 4
14 20
18 20
22 19
23 16
28 14
4 7
5 3
9 22
19 8
28 1
14 22
24 22
9 19
15 26
1 7
30 19
26 16
27 30
25 28
14 16
11 25
22 16
14 3
1 28
5 19
8 30
30 2
7 11
22 15
27 12
28 5
15 27
8 13
16 7
26 21
30 9
21 2
27 18
14 9
4 22
29 9
8 11
8 24
4 21
30 11
16 6
23 1
28 30
15 29
23 8
27 2
19 17
18 14
13 25
19 15
27 7
18 22
30 26
15 19
1 25
2 28
12 5
26 3
13 21
21 27
28 15
3 24
21 25
23 14
17 5
10 4
27 21
14 23
6 17
29 20
26 6
12 24
7 24
22 13
21 11
17 1
18 12
28 26
6 10
14 10
10 13
21 26
12 17
12 9
24 20
8 6
8 7
15 21
1 2
4 3
17 3
28 10
1 22
15 13
17 8
22 3
29 8
26 14
27 17
5 1
24 11
5 16
5 25
24 21
16 11
30 24
21 20
21 28
3 8
23 13
16 4
13 14
13 23
15 28
27 15
30 1
22 8
15 24
30 14
4 18
6 2
2 5
1 18
20 9
11 10
28 19
10 9
20 25
25 26
19 12
3 1
8 14
26 17
11 2
6 16
21 9
9 14
24 12
6 11
26 13
18 19
28 3
4 14
30 16
19 22
8 28
29 16
12 11
24 9
1 4
24 30
1 30
5 15
27 10
19 21
29 6
30 20
14 1
4 2
8 9
18 9
19 10
1 23
11 18
18 7
15 10
7 4
20 6
24 28
17 13
19 30
11 5
28 16
23 18
16 5
2 11
20 19
24 15
1 29
18 15
25 9
29 23
29 1
15 30
27 19
14 8
26 7
9 18
27 16
3 27
20 16
19 26
24 18
16 24
4 29
3 9
25 13
14 2
28 27
28 7
6 26
6 24
10 28
7 13
18 23
8 5
1 24
8 23
17 26
3 6
26 12
26 15
13 28
20 13
27 3
11 13
5 21
20 27
21 24
21 14
21 12
6 15
23 2
18 1
25 14
2 7
20 21
8 10
14 25
23 10
27 24
26 11
25 20
12 13
8 21
15 2
22 21
26 18
17 16
28 4
26 5
1 10
19 1
15 11
29 22
22 30
29 26
11 6
12 26
22 27
4 10
3 13
11 22
24 26
2 19
7 8
24 16
17 7
9 11
26 19
1 9
4 13
15 9
17 12
1 12
24 17
7 12
29 28
18 2
16 10
13 17
22 9
13 22
9 28
30 27
17 15
2 22
20 15
20 17
10 14
4 17
26 23
19 9
19 24
9 20
13 15
21 19
1 3
5 24
8 12
2 6
7 15
17 23
19 16
26 28
2 24
15 3
23 21
8 27
27 26
7 10
2 1
4 8
1 6
9 29
29 17
15 12
28 2
13 18
11 4
13 19
21 18
5 11
9 1
21 17
17 27
23 26
12 2
6 22
27 29
12 21
2 30
16 25
3 20
27 23
14 11
22 10
4 26
11 12
29 11
9 21
13 29
13 4
20 28
10 12
9 8
7 5
25 17
20 29
13 10
23 17
16 28
17 30
5 20
22 28
18 26
25 10
12 4
10 20
6 7
18 11
25 1
20 18
15 18
2 18
8 15
13 9
19 3
7 3
6 3
13 11
22 17
29 10
5 13
29 15
27 20
30 12
4 23
29 4
16 30
26 1
9 2
19 7
7 9
2 15
22 25
24 10
1 19
2 14
10 30
17 18
5 28
16 13
5 26
