100 500
81 52
59 41
32 12
59 16
79 14
71 81
88 35
60 19
33 27
18 43
39 90
35 28
82 46
61 86
92 10
48 41
91 78
89 98
79 85
100 15
31 3
5 11
80 81
26 70
96 46
89 38
81 17
83 1
50 4
52 10
58 94
5 88
1 37
58 17
95 91
55 21
11 3
37 61
33 4
45 30
39 65
78 9
53 49
47 13
4 36
97 56
84 20
78 84
96 97
96 95
46 3
71 13
2 61
91 92
28 48
25 82
76 97
38 64
87 90
37 46
32 7
19 70
91 37
13 93
71 67
30 3
83 7
69 21
43 13
38 88
78 21
97 15
31 94
19 90
100 58
30 29
76 74
84 28
37 62
29 93
84 91
38 2
31 85
91 61
32 96
10 17
34 49
66 49
91 87
75 45
38 82
6 29
10 74
48 97
77 62
75 83
26 3
31 66
23 90
11 49
69 9
35 78
23 91
19 79
42 21
93 29
78 65
41 100
30 17
39 24
35 98
15 83
45 39
84 21
30 34
4 18
1 62
64 90
46 91
14 96
16 22
73 68
12 45
51 99
74 23
27 66
13 69
77 52
95 30
25 8
19 60
74 18
7 47
82 93
62 64
74 97
15 36
13 91
61 91
98 64
87 69
73 96
86 98
35 81
36 94
55 92
67 8
95 43
16 35
48 36
10 36
27 8
21 38
91 97
80 29
79 17
55 49
93 96
17 49
43 14
49 63
51 59
90 23
81 74
95 15
35 73
73 40
33 39
19 42
67 46
59 13
4 54
80 88
67 77
100 88
30 19
94 32
87 20
37 39
72 21
60 23
46 93
63 83
58 27
26 96
79 50
20 6
85 25
49 15
78 41
20 78
17 10
35 21
55 38
31 18
34 87
9 25
58 84
45 61
98 35
73 39
33 80
32 100
57 43
38 74
40 11
98 16
43 10
47 71
65 11
64 37
22 82
29 38
43 3
58 75
76 1
13 20
5 55
88 42
2 97
32 63
88 1
58 2
54 37
47 41
77 42
55 26
30 23
58 91
74 98
26 54
79 49
87 50
3 22
28 64
46 20
51 7
38 63
65 45
43 15
9 53
74 93
3 82
61 19
98 41
18 82
68 40
97 4
45 48
19 41
23 58
31 65
58 54
26 4
18 21
5 13
74 86
2 9
23 59
71 38
12 81
94 23
80 49
94 98
50 26
40 91
84 3
85 6
41 17
22 45
20 96
30 27
1 80
42 88
10 44
70 85
52 7
61 24
9 34
64 82
97 33
38 8
15 16
37 14
34 85
35 90
21 46
98 4
88 76
5 76
98 87
58 34
90 64
71 88
100 70
5 85
74 55
76 30
14 1
85 83
10 81
20 68
29 40
44 57
74 12
71 9
44 20
68 90
38 43
70 86
1 33
86 92
98 26
5 54
57 70
36 66
72 89
83 12
23 95
8 64
15 96
89 84
4 9
63 25
51 17
91 65
97 93
96 17
73 54
2 47
16 76
34 91
32 91
55 58
10 34
46 50
7 25
59 38
40 99
93 81
86 70
48 76
4 40
21 81
88 73
97 66
83 96
84 35
49 42
99 87
50 25
12 60
58 52
21 19
12 69
54 8
71 33
64 44
89 62
40 100
72 47
23 8
59 14
3 88
9 73
94 83
91 41
78 13
61 80
62 38
87 96
3 38
16 56
26 18
8 100
62 97
49 46
33 42
88 86
73 9
54 59
99 85
91 18
43 24
23 79
16 30
55 39
48 92
8 77
70 83
27 64
7 90
50 16
20 25
51 83
29 27
13 55
82 86
15 54
79 77
96 31
13 48
57 37
54 17
33 14
8 49
96 18
15 14
85 92
4 14
96 35
38 93
87 45
28 76
77 34
1 69
45 43
42 47
56 86
53 98
72 24
87 93
24 52
66 28
53 13
90 15
48 15
68 60
39 98
69 33
12 61
52 13
75 72
9 84
78 14
72 95
60 22
92 37
21 80
33 76
82 13
11 79
86 96
99 9
62 69
63 86
85 9
76 4
24 46
43 60
87 27
81 70
12 78
36 84
16 98
45 10
12 7
70 98
27 21
57 59
5 21
6 27
72 59
45 62
93 95
54 75
47 66
78 19
9 43
21 67
11 10
13 85
9 74
95 54
99 8
60 21
44 53
50 65
9 67
87 8
15 71
96 25
67 35
53 11
4 19
50 24
83 44
73 6
96 67
38 46
12 54
71 57
36 45
6 38
16 44
86 91
34 6
64 77
36 33
53 58
