20 150
54413735 61199741 275387686 264968391 466419749 359760703 68306101 771993237 547814454 37635662 924598893 9912181 245771479 44100238 958772796 313511884 393667718 538482564 968955604 397485280 
19 8 246388268
18 20 509585113
16 13 48996919
13 4 47866681
12 13 823463893
13 8 340838414
4 17 267616267
2 13 976707280
14 8 165708653
3 11 462065855
4 7 955987256
8 4 43771129
12 6 402702202
18 3 554266298
3 8 507767918
3 12 285359853
13 17 789168678
7 13 892825145
9 2 468771949
15 19 542774109
4 3 27507575
11 6 187985201
19 20 51598795
8 16 695497167
5 9 622222386
1 19 732342045
3 14 345099903
11 5 656219167
10 4 569805863
9 18 268279543
15 9 677065614
18 13 362493445
19 6 78210947
17 20 835632024
2 18 152253998
6 4 673043557
3 1 187783085
4 14 608563786
2 19 942399114
16 4 488859882
8 15 934396568
12 16 562097079
20 7 458760936
17 18 150033219
8 20 115687278
18 5 5826123
18 1 514577838
19 9 232296423
15 11 831120313
9 8 31171870
12 1 914217747
19 18 575901162
13 10 564513736
5 13 758224718
9 6 773603031
8 1 11491528
6 14 962065416
20 6 34075587
15 17 265291981
13 6 19273342
5 16 973610213
5 20 356408217
16 17 840874878
14 7 362772668
9 17 885096254
17 10 333164077
19 11 68833418
15 13 130800547
5 7 959458950
2 3 839100233
13 3 223930341
16 18 623100011
5 3 124769087
20 12 124205520
3 15 55368650
7 17 703258055
3 17 180235881
7 9 256082693
19 13 315119544
11 7 237500717
14 17 311454878
15 2 5513575
3 10 877595631
16 6 670102669
7 3 634590571
13 14 11989769
10 18 763280635
1 15 99024356
9 3 489411201
6 7 408843210
4 19 347679006
18 11 78146367
16 14 31539153
10 12 205967818
20 10 685528608
1 6 867352614
12 4 431659851
16 2 518009374
7 16 689884073
1 5 436976223
20 2 1248927
18 12 269960396
14 10 79336682
3 20 915688526
10 19 529843557
15 20 519537712
17 6 771956342
14 5 610882504
5 4 605345826
8 12 600093066
20 14 324463793
13 1 643490358
7 2 481950450
19 17 309634298
11 10 273397564
13 9 415612621
9 1 901283132
8 18 851888058
6 3 32618640
10 5 641506792
12 19 906843325
8 11 559149655
2 10 785211877
20 1 59904721
15 16 27114102
2 6 272569630
12 7 360370810
5 2 246545443
20 4 768213575
16 3 816207544
17 12 633871195
1 14 743888223
19 16 84792636
11 1 253166692
9 11 456862446
20 16 32923541
15 14 822754484
5 19 712864768
7 19 359239446
1 4 6195438
1 10 446654252
14 9 60145135
2 11 727766544
14 19 171902083
8 10 130007706
1 7 526047865
8 2 18766382
11 12 55982938
8 5 47797195
18 15 985863186
