20 155
55395206 960884087 96050994 109130206 40918529 316146891 81122410 874287136 940540921 503794521 69965998 69238801 257405344 885815239 684589797 124794595 207121590 398584052 501512143 674161212 
1 14 435152507
10 2 425224442
20 16 59505770
16 5 798063931
18 16 558843176
9 7 880227133
7 18 65654019
18 10 724778952
15 8 709305730
5 7 267106154
3 9 527378322
2 4 710338768
2 11 160896235
13 20 780314766
5 2 817239346
2 13 779323521
7 1 536053228
12 2 744413784
11 18 674421556
6 1 822712672
17 9 566396320
6 12 608716692
20 11 992708976
4 20 93981156
12 1 898598286
4 5 560775382
15 9 869122292
8 14 59998935
16 10 588111015
20 3 371184750
8 7 30053496
19 12 182986634
13 16 13967749
6 2 20403307
9 5 490557009
10 8 429252917
7 10 953143344
18 8 808831601
1 20 12771848
14 9 556367047
11 17 922091549
5 20 829404605
10 5 322163002
8 9 838775424
1 8 2523759
5 18 341081611
4 16 686607205
7 15 352959994
20 6 41053499
15 11 286110786
15 17 701861608
17 8 4443322
5 11 128308184
4 17 46796164
19 3 34306371
8 3 183395579
9 19 563726313
7 2 101997307
4 1 851280117
7 13 765759386
17 3 526224403
8 5 953675488
11 9 119044424
1 11 66212158
13 19 688176560
13 9 35759622
18 20 988577868
19 4 393923745
5 1 382201790
2 8 652053889
10 17 43817903
9 2 931599934
11 4 279251567
6 14 666961452
12 20 780401054
11 14 177713279
2 20 268741773
3 11 837691740
17 6 455267659
20 17 297165217
19 15 785183224
13 15 734351944
11 10 547545159
19 10 122202484
11 8 947744304
18 2 913171981
3 6 16043939
12 16 33878346
12 3 910821885
6 10 404045334
18 19 656794497
3 16 361324620
19 2 752929749
11 13 569804406
12 13 755623797
17 13 514999574
7 17 686176200
8 19 410003732
16 19 63530955
15 12 334047657
20 14 625200623
9 16 146463825
6 19 354475600
14 3 316081076
9 12 716161635
13 6 648293096
1 2 408922184
14 13 999166778
20 8 389937689
10 13 964144857
15 14 860854027
1 17 480211112
20 19 549409078
6 8 371574384
1 3 819288888
17 12 975820869
7 16 848005914
18 4 81039607
14 16 949318515
16 17 195836801
16 1 446995818
13 3 913336842
18 14 748054932
18 6 637002069
9 18 756995553
7 14 839924884
18 17 20471205
4 3 128998583
16 15 771046553
14 5 694319488
4 8 821242042
9 1 311386884
15 2 323554813
10 1 512302631
11 6 938178628
5 6 390620835
5 13 919396852
10 15 612278276
2 3 650078479
18 1 543419508
14 10 8319195
10 9 101780406
4 13 191531054
15 6 171223635
14 19 985247952
19 7 29127523
3 7 805039402
15 20 763062432
17 5 148008368
19 11 176184674
12 4 481624394
7 20 303251195
13 1 418455228
1 15 403050641
15 3 57968554
