100
17600 4840
80688 94464
3388 1078
13475 4235
16317 28749
38115 40425
31958 41876
62866 49708
10051 8303
1584 11616
77658 75852
1116 5766
8800 9680
450 7500
56644 81634
18125 21025
16641 3483
3483 16641
23552 16928
12348 2058
3969 1701
6936 1224
16 32
28314 22308
10240 25600
34848 33792
75106 54332
6525 12615
1200 11520
1600 320
1058 92
2178 132
800 80
3402 15876
23660 31850
52920 37800
42025 25625
14580 36450
9251 3509
3328 2704
29435 35525
57154 47396
87120 89100
2197 2197
9604 33614
21780 44550
66270 42300
48600 25920
22815 8775
7200 6480
36982 19844
12250 3500
19360 35200
96800 110000
400 1280
14801 31939
126 588
2645 575
39204 42768
15488 22528
11250 8100
19881 3807
39762 15228
4275 5415
45167 68479
33212 20102
2541 4851
33800 65000
324 18
31768 18392
5880 12600
1584 11616
22815 8775
6050 27500
7252 19166
13122 8748
675 135
3402 15876
17908 30118
21609 3969
7581 8379
6561 2187
20736 3888
10584 12096
891 1089
6336 23232
200 320
1800 15000
6525 12615
75 45
900 30
3400 11560
752 8836
19404 40656
7452 9522
16 4
78400 96040
896 1568
64715 52675
4096 512
