499 500
930971504 64864437 417456644 165011306 287330036 963881944 887664625 923733988 367710637 493279340 21368222 328315182 649567488 58633701 54615321 915074740 815926464 37446600 164689696 253391930 139042746 598510642 215347113 32934994 218997802 582362194 46781019 884263655 340866115 810284266 194564371 586789302 481821355 11879122 258956896 600337616 157873917 550129524 302454279 951716121 625711686 322349393 266477440 182138572 776655752 901172347 153328760 870912500 680719418 777622297 416324941 261339892 970036421 549451238 336651668 347946753 209207561 727456946 829227158 918081699 989361366 749977311 940615118 244109368 50751604 278746086 923397485 204514416 14200091 629216208 75945175 802087634 845650299 966444989 85529380 184698933 44893750 3598944 989117856 169410888 484891233 56151680 489536587 89375499 131164166 50516345 922521177 438481747 149788837 510035897 251322034 208347466 264137134 758350148 375548019 801246700 688371977 584157233 542223212 414155916 974119311 523791146 554135712 367903565 64923534 204688880 891625161 833074090 780105033 43960788 820928209 985379566 473786229 933912127 931663962 368683708 82291133 840282411 440012342 392362376 420356926 125083560 68319472 594258716 759427852 560733784 321686849 406421781 760986796 183626227 4958876 55181667 397264024 93292484 472460707 79073484 5299390 647992874 413560495 13647209 476029185 16032536 665949260 661675304 355926966 8504469 679450042 119918665 599075368 899245885 40388973 907843553 863639829 304570046 203749774 156900441 237515055 419182683 990922872 965967856 245595036 17004909 443049276 342882101 475186806 807853021 176951326 902427022 777916747 75512491 138211094 149721524 384813470 229054059 4384848 299300405 376723301 267064258 280234155 48039920 920254857 892110317 338158653 72780444 785445481 169770811 486641358 735535938 218858583 59027854 984419929 628039870 729693721 192356062 746051983 250693187 715069289 379460021 550526035 46615508 883350902 24417716 15565374 348971211 147779425 898091021 705907997 462402645 244632257 381032455 818308462 26217971 821422111 946888573 337167079 511686139 28501882 452524895 988008175 411151894 613289156 816131120 514003747 225229248 42699875 723240582 45346258 67679947 87173042 278246285 865408641 625886684 432675198 421380484 237564520 34601196 16943241 332448830 250689779 104500680 204965386 337413539 693430338 906928786 615024170 654542380 651823530 459768382 46166152 274173291 241878577 23077141 793750199 268274305 328354582 53272885 845983419 791463077 230522439 693503759 246196112 363715492 930841320 922764776 73981347 656054363 901647827 19318361 486175574 673254719 655952403 863484111 40085376 733972182 989891944 563310091 76719083 143117371 286072006 541769635 681067988 366653342 540491989 652331136 670105199 825159361 639265394 944729438 968928608 189391740 506701613 343520590 162432835 32127546 19047881 830206519 992117285 655078522 199822015 21360465 881234440 303719759 254383292 619097001 847754596 557778400 107581726 700288672 592728480 77284329 928063611 919024748 165404573 924949560 417876762 64435349 688973868 64469808 47932792 47753849 925356178 320023882 615990468 991133641 416773899 69375375 86721379 778121482 613883716 881946655 155784557 779692564 769797856 291196590 63171886 9261718 410302964 406465793 204500902 338616976 864837515 585056117 507934985 142501592 489322019 533548409 18788672 561700246 760186926 395874831 913698918 121228488 692199570 975727695 837317452 851666111 53255465 871718884 406151158 659630239 124194113 189425036 108927516 865036003 330107421 92539804 562456489 987464151 46751090 340911738 754148671 109414428 131849708 183750946 713837233 521084199 958628263 461176226 24838023 762032578 256786101 470930845 763985790 608308362 783279518 338275019 912658182 824779376 505284572 298694519 786415554 904609592 171107419 114814721 9272075 163872253 277259263 775233114 621975662 44110250 318203422 958749834 693366313 107142530 316808449 74959661 549714354 605707674 342375015 365962993 580583984 894164826 162212866 551757850 884328192 120359423 101722104 347550463 47264817 199571228 964446564 820369547 499902216 332339988 865664210 584656572 48726653 246857122 789560519 722389287 721933244 353944145 617422390 173341042 569460389 962953476 658517260 923549656 629942860 557805168 93853861 442991529 220284282 649680028 923250772 363654087 949730090 26827624 235122656 259067690 130629389 949477635 864148481 148796765 429431303 446538356 708472551 988767999 324828847 472082 434623667 1393731 805711315 333629964 579254268 729868144 392981234 623857889 932535884 709919074 32175808 2020841 55792800 350457351 162272677 257245130 302246892 168706787 98209854 86529796 86640020 938903948 367938522 216014438 248393716 827752494 921099519 66485142 884380377 179915273 103130595 995504014 464464901 69133806 279804659 10395417 448977839 541593798 711169872 
1 297 375 127003261
1 145 162 595137299
1 429 471 304872583
2 9 138
1 33 240 237258087
2 156 186
2 6 276
1 400 420 858586743
1 250 472 148393651
1 72 389 564891118
1 56 370 698877916
1 94 196 680612990
1 392 401 723858435
2 54 285
1 152 400 866662692
1 144 375 472781553
1 57 214 876215434
1 375 471 979301314
1 431 453 606098660
2 222 359
2 37 299
2 81 313
1 46 157 752044517
2 181 193
2 297 494
1 261 356 807320329
2 149 420
1 172 320 480473047
1 276 466 271588612
2 151 191
1 1 418 313823032
2 174 316
2 121 281
1 57 126 59565105
2 325 483
2 66 79
2 29 174
2 343 402
1 84 222 890044144
1 122 332 146650258
1 154 471 979518637
2 473 496
2 165 255
1 273 323 967859279
2 66 318
1 351 354 591394001
2 184 393
2 91 488
1 184 189 178054189
1 322 428 936409884
2 222 454
2 64 333
2 429 439
2 26 82
1 115 486 227939793
2 43 208
1 36 248 303955114
2 315 386
1 281 403 772786468
2 261 339
2 116 402
2 293 327
1 293 338 941447070
1 479 487 16290407
1 335 494 483608644
2 135 452
2 80 274
2 67 71
2 178 329
1 139 227 396643365
1 236 437 196726809
2 32 50
1 256 262 458190742
1 64 173 435047931
2 60 341
2 192 474
1 160 193 48419522
2 92 354
2 177 236
1 216 461 575126
2 4 305
2 412 446
2 272 483
1 100 192 330052476
1 385 418 103935885
2 418 469
1 46 451 357616643
2 74 254
2 124 432
2 100 119
2 125 445
2 133 178
2 130 480
1 43 103 739537833
2 167 406
2 227 374
1 283 390 286389108
1 418 425 353674001
2 215 348
2 168 384
2 408 427
1 19 200 683639269
1 55 141 486907579
1 177 441 587100202
1 273 313 422366510
1 133 346 65582761
2 268 324
1 92 169 520786
1 97 334 555121408
1 438 448 799379575
1 115 305 269526324
2 175 322
1 50 62 11459186
1 475 492 87021557
2 435 468
1 350 421 38779754
2 245 324
2 213 240
2 94 155
1 79 98 22425118
1 276 327 441668054
2 127 251
1 236 458 81525514
1 291 317 350626712
1 44 277 472193956
1 43 379 366498651
2 65 419
1 271 408 576494832
2 78 329
1 219 262 376130417
1 374 446 50354823
2 49 268
1 143 214 707462148
2 288 320
2 147 462
2 258 417
1 153 399 221674333
1 201 241 751287863
1 35 172 956728999
2 96 108
2 94 247
1 21 223 325031712
2 60 173
2 217 493
2 20 335
2 8 377
2 194 380
1 138 358 691798667
1 304 429 200872360
2 93 395
1 104 151 582426390
1 154 249 848037463
2 86 201
1 243 468 991174784
2 161 484
2 66 105
2 58 156
1 261 448 809224758
1 108 272 673962239
1 22 183 609281500
1 180 332 639516129
2 167 496
2 251 477
2 57 73
2 18 434
2 398 487
2 18 429
1 16 178 59203893
2 57 417
1 424 437 715289579
2 216 438
1 72 311 243042659
2 69 499
2 454 470
1 34 376 803883945
2 273 328
1 247 393 372616288
1 453 489 816949895
2 149 200
1 329 354 516987017
2 5 249
1 158 447 897606919
2 408 471
1 29 194 162572811
2 42 342
2 37 424
1 239 290 650268805
2 61 403
2 168 238
2 10 182
1 112 352 347093814
2 26 316
1 63 182 292662276
1 302 472 93480486
2 266 443
2 132 435
2 447 493
2 322 499
2 38 425
1 204 222 968015813
1 158 400 548587244
1 58 259 36431127
1 154 363 708696447
1 9 16 602845849
1 232 309 259714770
1 209 471 930206993
2 31 402
2 246 420
1 127 478 876009815
1 223 292 21741963
1 166 498 29473030
2 8 123
1 276 474 281693363
2 178 253
2 393 469
1 208 409 499296337
2 72 352
1 254 493 61369769
1 265 356 976203795
1 157 381 864536364
1 259 404 521720558
1 442 469 71478407
1 217 299 351811344
1 153 317 56727421
1 311 471 22410161
1 342 495 648246756
2 20 109
2 134 369
1 283 304 912891213
2 240 395
1 93 381 426436878
1 371 420 139567954
1 46 216 996518117
1 5 496 309763508
1 2 337 60397172
2 107 453
1 123 195 168140660
2 39 103
2 30 250
2 158 233
2 254 343
2 87 453
1 262 427 84167668
2 217 389
2 43 457
2 148 421
2 337 388
1 79 363 957476232
1 231 358 109505207
1 33 239 350365340
2 110 113
2 17 490
1 4 172 981194063
1 175 320 964243149
1 466 476 775579539
2 12 202
2 134 359
1 203 411 968938382
1 347 369 416152884
1 271 480 510775012
2 302 412
1 436 481 315437604
1 59 371 188512680
2 226 432
1 307 378 750076126
2 20 210
1 312 415 5013629
2 227 409
2 38 364
2 188 338
1 353 478 642608685
1 38 404 917391854
2 312 422
1 17 393 882342054
2 188 324
2 122 141
1 135 347 633720829
1 5 269 948418159
2 285 310
2 129 388
2 211 356
1 185 462 480087777
1 308 460 162184117
1 2 13 825223303
2 176 411
1 16 355 36235944
1 292 399 418827453
2 37 428
2 375 480
1 168 476 250908734
1 182 204 702960725
2 214 475
1 178 329 24196663
2 230 462
2 378 496
2 304 355
1 269 330 72562787
2 48 444
2 266 395
1 1 449 235434156
1 159 365 967076934
1 117 309 147139601
2 167 236
1 177 458 412799635
1 89 360 845624951
2 305 364
1 271 420 146960753
2 293 476
1 9 221 294787616
2 99 259
1 49 307 662780248
2 163 183
2 48 382
2 137 341
2 130 277
1 74 199 857221449
2 161 180
1 210 252 414962032
1 249 257 116772615
1 218 441 603537975
1 128 499 638132980
1 171 261 276562106
2 280 338
1 248 281 43135891
2 8 108
2 135 420
2 322 420
1 479 498 784429124
1 88 182 111169330
2 236 298
2 175 396
2 406 459
1 283 392 355087395
2 84 348
2 282 410
2 127 317
2 435 437
1 183 358 965555615
1 38 120 72628639
2 388 493
2 388 452
2 210 361
1 266 486 718334789
2 194 227
1 88 469 141841150
2 212 295
2 155 330
1 36 413 694707235
1 80 122 825574578
1 327 436 889646430
2 26 359
1 122 209 492843689
1 250 334 473203680
2 33 274
2 142 478
2 28 227
2 146 338
2 328 345
1 101 118 728804371
1 150 379 949900096
1 213 214 38114233
1 80 427 455144739
1 173 269 418213369
2 192 318
1 198 492 490830361
1 37 39 907696091
2 2 495
2 104 318
2 119 367
1 258 342 528816056
2 392 467
2 356 403
1 331 426 31765038
2 44 483
1 101 252 115916572
2 47 149
1 110 309 615129158
1 68 481 301673321
1 208 288 36683594
2 134 339
2 221 321
2 294 464
1 19 386 236159413
1 240 417 90956916
1 91 477 132913859
1 138 417 512286068
2 332 373
1 188 311 406161871
2 4 421
1 102 123 402585399
1 79 451 807769479
1 326 469 913830492
2 39 415
1 222 394 536015303
1 424 488 307740183
1 91 377 369950197
1 17 70 857709016
1 7 363 704563939
2 325 442
1 120 399 297633475
1 286 397 972875131
2 379 392
1 127 174 574757919
1 234 340 242524603
1 280 467 1289081
1 6 235 540894450
2 47 346
2 217 230
1 352 426 998005796
2 220 267
1 437 447 404222979
2 12 286
1 24 450 839715393
2 261 403
2 132 483
1 24 250 196336719
2 74 441
1 423 458 698272791
2 273 498
2 59 361
2 2 471
2 75 290
2 152 476
2 267 292
2 48 498
1 139 154 201844528
1 161 471 171471080
2 376 414
2 389 463
1 124 156 782344825
1 118 149 272392679
2 104 441
1 19 245 494184247
2 227 260
2 20 169
1 376 379 309926256
1 179 446 97456268
2 64 192
2 309 470
2 104 200
2 49 246
2 68 463
2 103 250
2 39 239
2 69 451
2 1 6
2 226 478
2 139 207
2 90 127
1 112 154 745506587
2 144 284
1 221 274 258533729
1 219 326 371538945
2 44 89
2 5 138
1 117 419 11250503
1 294 397 913274318
1 261 423 597804137
2 409 421
2 253 382
2 267 341
1 215 258 195741106
2 84 341
1 284 385 643142830
1 151 332 521984106
1 263 492 952656117
1 388 418 802944403
1 384 450 523130043
2 144 184
1 291 413 517923619
1 224 418 531387834
2 380 380
1 282 443 457455753
1 39 135 316015421
2 142 256
1 213 362 677482078
2 167 495
2 138 438
2 208 443
1 94 244 130943674
1 29 279 603235307
2 65 429
1 10 475 729161323
2 134 391
1 137 270 296598049
2 108 194
1 16 493 491545700
1 40 321 995992561
2 342 373
2 132 455
1 260 431 243794845
1 70 400 695941166
2 63 257
2 128 179
2 215 423
2 345 375
2 69 413
2 434 481
1 466 471 125164906
2 128 426
