500 499
929990033 91503803 596793336 320816724 786573080 7495756 801106492 821472857 48693226 27087714 876001118 195246738 637933623 216984236 255056495 30050206 2472592 177345112 632133157 50457822 383634543 758109852 26615642 168955131 564333231 666755633 404223883 19931229 330390032 895319763 936892250 910333876 339838901 228088771 523577613 958560371 74012070 10740805 982061837 124781904 827706702 220193 174494311 618114246 781099517 886032422 836412750 458164116 406201191 72369827 749471126 592799547 28210723 172850156 765260603 875820163 836573229 60922075 614928089 10753014 157425508 338243916 759186481 18028131 954355725 22241952 613893290 668509021 557935951 135285308 668275149 629275578 25023925 587011591 979179464 386430485 284157359 105785582 336353261 28526412 25750033 168144739 393847600 995201282 706060946 567312346 808871084 981237789 410768462 21283148 420314142 249133898 201026629 673358260 172173416 22241653 393130458 378903700 265781776 476272721 730433877 695357809 130254270 474622678 152749665 511076946 138063554 122959805 457772686 9081413 770220428 773287942 970443728 6795739 305522226 330425715 325201662 450459559 696398573 41099018 67369044 687217346 157927068 773765527 966593522 6976842 385930047 2277928 34095195 34868958 488077438 870377615 694355191 468299556 175459872 485157860 38552209 958980164 404651668 987517696 2145753 44353898 395309419 966421250 591657955 151012168 687867356 429217230 256893094 15527569 429972799 370825 828810622 292670591 702330258 791681567 275253675 203329870 999904247 648167870 718163664 895078079 678756148 728917336 15530869 915855510 592433 948131876 120728965 506787100 774434430 381675805 6749392 196891550 153188043 492659073 72426378 69178091 133790062 438047572 335409867 771479514 548545248 562427867 401801485 903279554 243716160 120446497 779825329 442571521 2914767 39182198 601944185 548809590 772877682 540483562 944195599 815366918 413112627 540199126 300755581 414901786 779724224 538860372 392845492 988935711 448602347 847264962 837866502 545306629 994146344 40308548 931979435 911551169 54180114 598560830 29969983 826633676 730291687 188090078 301403202 441546657 215602183 791610000 526383255 48520259 168581752 256911751 898762246 554836916 609786469 622483259 16863930 333066367 489786267 8290534 249972420 258225711 75767563 841098758 997335702 826523605 787970379 529922782 807167368 18480263 338443540 664595188 198831702 54693339 352216517 812307860 419162016 453954672 700559839 58529356 795605609 57197670 948313479 366760815 55789209 59090401 324332808 945380498 23078779 447943050 510674766 802101521 352006720 674552077 513138795 895747723 49627770 696809372 792474646 516409186 332168353 137953386 550850599 779305276 225724049 968822577 57730332 199936901 27840010 196771501 57235608 603680235 103041327 406138655 362696158 821833440 981074696 568614091 900903002 722465307 978923008 409306747 911556633 543254296 935904872 75719673 554800204 895846291 30423794 476998808 674242505 220046865 415031606 257452 82934666 424774743 743646257 487239949 37058347 316025328 706644673 997405593 348255600 432558764 900298794 832039855 494207678 37012252 777468052 8200116 999572381 777941271 564548490 403852434 151035196 317625912 628027004 57580596 605563373 189207133 438484798 24846859 636646308 397838377 353209992 724853644 10468989 693618051 848743028 64985776 90891059 441315862 276637955 425316466 320453033 235228623 807099032 239874389 740987749 964132706 10800251 839658972 890750480 325317317 292059992 81289487 445826552 748144562 739104189 605554429 533319822 807915561 383168159 513737524 346236648 196321005 54851030 820639563 872437824 67820546 173980828 694085976 704388211 393274677 316961810 881719930 36454019 164767892 127468475 292728145 38030613 17946354 931305983 766557313 308123379 188829797 62834858 701989171 254534028 847011015 969205610 94333332 742782831 26042424 363267668 875200339 6484180 372562842 743600224 407207463 523520019 492480275 36762600 682031687 530887723 526320783 796129069 9751793 169448252 911109180 776226514 42959587 783410445 297805068 957463647 176898277 596039047 655794999 315203264 842050109 720066360 163378870 481611459 656656697 28069329 728254921 414497182 282521001 357615784 72937329 327506790 140905826 576343351 597131767 922571161 20848828 981676443 658051427 72121749 63209749 855705366 479879686 909915934 932429132 985863309 144849649 191958748 69215815 414343435 402867323 950640858 688101741 301026876 930674367 50165513 667314989 941441779 336042012 35584955 667196277 529393061 54578099 177830953 141359675 33070315 326938604 1260269 18126840 783866883 69111026 260870792 758938664 620996944 634753842 295708637 13560779 43594454 584559072 348204212 610287591 33609919 791137650 259928633 963628036 140389849 550534691 985566075 111531182 129566229 807878257 335888365 202675703 188301065 537665951 
2 67 490
2 236 250
2 197 210
2 391 415
2 279 497
1 299 451 497260379
1 116 145 245798343
2 105 299
1 10 102 99707223
2 154 190
2 11 417
2 244 468
1 36 51 872181334
2 2 202
2 202 431
1 270 308 84105517
1 44 46 942021623
1 30 390 623022852
1 303 325 73378682
1 136 271 516701181
2 173 185
1 222 423 769243562
2 174 457
1 95 142 136734411
2 108 154
2 460 492
1 34 202 266232006
1 194 280 603955670
1 209 355 866765983
2 98 222
1 94 226 769171395
1 409 457 134335821
2 464 498
2 226 315
2 439 452
1 359 378 390208145
2 227 313
1 319 453 626951258
1 152 261 91006739
2 292 342
1 27 119 856626794
2 15 285
1 6 489 459036926
2 223 475
1 204 355 321363490
2 80 421
2 310 375
2 182 392
1 122 298 861159624
2 301 430
2 229 341
2 91 474
2 298 327
1 268 384 186838744
2 18 182
2 104 485
1 43 441 788501582
1 81 418 426122966
1 102 439 794418476
2 18 198
2 128 290
2 268 292
1 117 173 339141680
2 301 417
2 218 476
1 213 426 661140329
2 102 109
2 92 256
1 222 264 50244191
2 248 411
1 189 421 359673722
1 104 367 697284950
1 12 357 19999464
2 381 454
2 181 338
2 120 128
2 55 64
2 30 256
2 104 151
1 422 443 592377939
2 36 485
2 23 45
2 199 385
2 182 412
1 290 299 50427858
2 81 492
2 136 403
1 147 431 564559639
1 112 278 870159257
1 204 215 919563523
1 239 269 15422492
1 113 383 109700325
2 124 314
2 61 128
2 188 496
2 241 464
1 220 467 384803884
2 239 447
1 180 423 282225771
2 238 391
2 381 399
1 2 11 72394496
2 114 357
1 38 231 265551806
1 165 325 573327314
2 86 90
1 363 494 665424370
2 221 473
2 278 435
2 442 481
2 251 431
1 161 484 919241403
2 221 420
2 408 489
1 155 341 600474510
2 123 450
2 3 162
2 12 319
1 128 275 837658792
1 233 491 537734355
2 224 289
1 250 430 966275148
1 2 429 258905098
2 300 461
2 40 74
1 142 325 390089572
1 173 478 781373805
1 343 411 131564358
2 464 494
1 184 413 58296773
1 60 101 452498050
2 319 425
1 347 432 704229767
1 181 489 959130298
1 36 170 810270652
2 263 379
1 362 452 11109545
2 18 286
1 223 316 11909511
1 331 452 525951737
1 317 480 401074433
2 165 257
1 307 447 318725118
1 320 480 806755162
1 163 231 483246240
2 101 215
2 55 319
2 25 212
2 125 450
1 179 223 983995496
1 292 335 730981575
1 41 410 240765526
2 174 186
2 38 220
1 399 453 200877991
2 44 291
1 400 484 983727780
1 155 191 490521428
2 194 256
2 43 423
1 134 182 283299787
2 58 268
1 129 187 170169358
1 159 244 577770306
1 34 288 408654762
2 91 447
1 446 471 269861849
2 103 403
2 150 495
1 55 473 60133884
2 276 395
2 179 245
2 115 396
2 39 341
2 123 337
2 379 438
1 12 368 34933682
2 131 137
2 269 392
1 208 393 879016470
1 27 211 133152485
2 104 280
2 199 363
1 198 244 640555475
2 94 427
1 204 372 48877154
2 26 250
1 36 299 697472193
2 243 315
1 104 234 162385952
2 112 166
2 309 496
2 174 488
1 398 493 842030689
1 251 455 848772516
1 137 339 594017419
1 7 194 885229159
2 35 119
2 295 483
2 305 404
2 184 462
2 43 97
2 46 459
2 52 202
2 456 467
2 64 305
1 376 402 585071553
2 193 487
1 16 333 908651809
1 170 286 817744243
2 224 268
2 221 477
1 19 123 987645134
1 12 179 128792164
1 36 227 805029086
2 280 314
2 186 450
1 147 342 858545515
2 111 206
2 82 318
1 106 479 709143034
2 8 195
1 273 488 5403869
2 476 487
2 116 210
1 137 446 505484444
1 145 306 977272908
2 334 383
1 56 393 56646219
2 336 476
1 253 265 411664433
1 186 491 847521690
2 315 347
2 35 65
1 89 216 716235557
2 147 484
1 4 12 167780878
2 150 363
2 118 433
1 79 109 565349525
2 245 422
2 200 289
2 122 441
1 16 197 540327963
2 159 178
1 150 325 169146109
1 127 344 630544697
2 228 324
1 118 302 278767036
2 103 345
2 45 164
2 206 367
1 294 322 392592830
2 26 224
2 399 465
2 22 469
2 191 309
1 6 60 68337956
1 18 65 701228967
2 27 468
1 134 136 314673285
1 421 462 473561133
1 165 199 579220008
2 59 457
2 18 64
2 168 222
1 148 207 653628983
2 16 25
2 382 413
2 257 474
1 8 415 325160171
1 130 365 597479777
1 63 379 33402793
2 299 381
2 106 196
1 269 305 663836949
2 10 89
1 7 325 554829959
1 55 268 444581923
1 271 391 468249216
2 30 302
2 196 473
2 28 358
1 57 437 82886169
2 455 490
1 81 469 450253810
1 288 343 311482844
1 111 324 323574349
1 233 389 562616085
1 141 285 894464826
2 84 484
2 158 297
2 85 306
2 114 243
2 35 148
1 34 424 69012367
1 335 379 882356012
2 191 252
2 267 329
1 233 252 537648751
2 67 397
1 68 434 67782300
2 149 377
2 169 479
1 37 272 604136179
1 91 363 861991970
1 134 190 564597950
1 344 413 266761814
2 42 160
2 292 414
2 138 386
2 259 390
2 140 405
2 173 273
1 333 405 169359582
2 136 429
2 188 314
1 386 418 962060988
1 280 499 733988086
2 110 146
1 92 172 10714042
1 233 347 693143162
1 97 247 732370042
2 68 151
2 311 331
2 236 360
2 105 395
1 176 411 835028578
1 290 431 278731725
2 210 346
1 203 445 846744939
2 240 255
2 77 235
1 337 355 340079624
2 248 349
1 430 439 315485991
1 49 50 402962582
2 276 354
1 30 418 153706290
1 250 460 717016857
2 4 253
1 44 336 784478971
2 259 401
1 198 381 664740684
1 360 472 776759774
2 245 365
1 177 409 124148910
1 59 386 292760037
1 41 336 945673768
2 113 269
1 21 54 783487331
1 28 224 279118635
2 183 403
2 63 86
2 233 424
1 3 59 605455806
1 116 362 427161661
2 55 171
1 43 473 288054502
2 276 476
2 178 361
2 267 454
1 196 308 1493381
2 311 464
2 260 284
1 21 29 141089552
2 114 118
1 155 278 404557304
1 319 483 205646299
1 220 438 164641099
2 133 247
1 134 203 549636032
1 189 201 342207544
1 418 440 57365018
1 36 389 703532462
2 161 228
2 205 228
1 104 368 657641535
1 47 399 225355118
1 227 320 274900540
1 4 64 53572174
2 131 404
2 46 161
2 73 243
2 207 440
1 181 191 695068147
2 307 379
1 142 336 242322143
2 281 475
1 51 467 798102805
2 77 250
2 225 377
1 260 416 4275477
2 343 389
2 128 478
2 31 49
1 329 493 841030523
1 189 286 55494216
1 264 386 553245082
1 24 188 895532674
2 393 472
1 395 407 638219954
2 161 217
1 353 473 871651241
1 134 308 854659164
1 437 461 719978073
1 181 483 716814796
2 242 400
2 32 356
1 303 376 335776212
2 224 250
1 336 433 750649453
2 36 273
1 415 435 826109764
2 213 385
2 222 489
1 274 403 771071896
2 104 362
1 73 201 560804164
1 98 395 831796789
2 73 204
1 77 472 181984503
2 173 274
2 385 472
1 57 185 88508162
2 221 221
1 195 443 123421457
1 262 269 525458059
1 63 500 677033329
1 143 340 646006819
1 408 462 579179410
2 156 410
2 2 268
2 205 357
1 99 397 935394742
1 182 274 616012940
1 415 466 881744822
1 120 472 204414612
2 165 341
1 335 337 646355641
2 109 355
2 9 245
1 38 146 561453917
2 51 191
2 194 240
1 329 372 13475673
1 83 323 638306879
2 62 172
1 308 489 194912963
1 2 199 734716369
2 143 270
2 79 496
2 99 174
1 144 175 675817105
1 111 164 53660056
1 254 373 335669827
1 67 255 55448788
2 376 436
2 377 394
1 56 262 863083697
2 56 73
1 249 425 126593626
2 104 400
2 422 461
2 197 378
1 271 470 678389415
1 173 314 151056107
2 277 337
1 300 358 398072863
1 32 345 68195085
1 18 467 419405197
2 50 99
1 146 219 71253628
2 286 469
1 127 241 657811468
1 15 319 733678929
2 228 287
2 49 328
1 106 343 54145091
2 3 286
2 35 82
1 138 191 934205060
1 209 313 947383962
1 277 307 25445162
1 225 270 905477365
2 87 189
2 40 159
1 257 375 20522515
2 69 268
2 188 271
2 371 469
2 106 352
2 35 215
2 43 395
2 281 329
2 366 378
1 265 274 635262353
1 73 85 553887866
1 207 383 297895296
